Condition	Subject	Session	Correct	CorrectAns	Response	TestIndex	RT	SessionTime
1_	13	4	0	1	12	1	928	16:53:37
1_	13	4	0	2	16	2	810	16:53:37
1_	13	4	0	3	7	3	496	16:53:37
1_	13	4	0	4	17	4	261	16:53:37
1_	13	4	0	5	7	5	802	16:53:37
1_	13	4	0	6	18	6	467	16:53:37
1_	13	4	0	7	1	7	1076	16:53:37
1_	13	4	0	8	18	8	880	16:53:37
1_	13	4	0	9	4	9	504	16:53:37
1_	13	4	0	10	2	10	360	16:53:37
1_	13	4	0	11	8	11	416	16:53:37
1_	13	4	0	12	9	12	329	16:53:37
1_	13	4	0	13	10	13	559	16:53:37
1_	13	4	0	14	4	14	567	16:53:37
1_	13	4	0	15	18	15	686	16:53:37
1_	13	4	0	16	3	16	619	16:53:37
1_	13	4	0	17	1	17	485	16:53:37
1_	13	4	0	18	16	18	34	16:53:37
1_	19	4	1	1	1	1	2691	13:27:17
1_	19	4	1	2	2	2	6677	13:27:17
1_	19	4	1	3	3	3	11080	13:27:17
1_	19	4	1	4	4	4	5332	13:27:17
1_	19	4	1	5	5	5	3160	13:27:17
1_	19	4	1	6	6	6	2665	13:27:17
1_	19	4	1	7	7	7	5802	13:27:17
1_	19	4	1	8	8	8	2047	13:27:17
1_	19	4	0	9	14	9	12463	13:27:17
1_	19	4	1	10	10	10	2248	13:27:17
1_	19	4	1	11	11	11	1017	13:27:17
1_	19	4	1	12	12	12	1623	13:27:17
1_	19	4	1	13	13	13	4155	13:27:17
1_	19	4	1	14	14	14	3288	13:27:17
1_	19	4	1	15	15	15	1516	13:27:17
1_	19	4	1	16	16	16	4909	13:27:17
1_	19	4	1	17	17	17	4368	13:27:17
1_	19	4	1	18	18	18	4293	13:27:17
1_	8	1	1	1	1	1	1826	15:56:48
1_	8	1	0	2	13	2	4601	15:56:48
1_	8	1	1	3	3	3	2327	15:56:48
1_	8	1	1	4	4	4	1419	15:56:48
1_	8	1	0	5	10	5	3379	15:56:48
1_	8	1	0	6	9	6	3809	15:56:48
1_	8	1	1	7	7	7	2170	15:56:48
1_	8	1	1	8	8	8	2213	15:56:48
1_	8	1	0	9	10	9	7920	15:56:48
1_	8	1	0	10	17	10	1320	15:56:48
1_	8	1	1	11	11	11	1529	15:56:48
1_	8	1	1	12	12	12	1238	15:56:48
1_	8	1	0	13	2	13	3178	15:56:48
1_	8	1	0	14	5	14	2584	15:56:48
1_	8	1	0	15	6	15	1432	15:56:48
1_	8	1	1	16	16	16	1558	15:56:48
1_	8	1	0	17	14	17	1519	15:56:48
1_	8	1	0	18	15	18	4015	15:56:48
2_	13	3	0	1	2	1	2811	16:45:46
2_	13	3	0	2	7	2	995	16:45:46
2_	13	3	0	3	9	3	919	16:45:46
2_	13	3	0	4	2	4	735	16:45:46
2_	13	3	0	5	12	5	1017	16:45:46
2_	13	3	0	6	4	6	636	16:45:46
2_	13	3	0	7	1	7	978	16:45:46
2_	13	3	0	8	17	8	1039	16:45:46
2_	13	3	0	9	18	9	809	16:45:46
2_	13	3	0	10	6	10	735	16:45:46
2_	13	3	0	11	3	11	549	16:45:46
2_	13	3	0	12	3	12	767	16:45:46
2_	13	3	0	13	12	13	749	16:45:46
2_	13	3	0	14	9	14	937	16:45:46
2_	13	3	0	15	16	15	1249	16:45:46
2_	13	3	0	16	7	16	1128	16:45:46
2_	13	3	0	17	18	17	787	16:45:46
2_	13	3	0	18	17	18	872	16:45:46
2_	19	3	1	1	1	1	1913	13:19:16
2_	19	3	0	2	3	2	6417	13:19:16
2_	19	3	1	3	3	3	10868	13:19:16
2_	19	3	1	4	4	4	2315	13:19:16
2_	19	3	1	5	5	5	8444	13:19:16
2_	19	3	1	6	6	6	2986	13:19:16
2_	19	3	1	7	7	7	1568	13:19:16
2_	19	3	1	8	8	8	1455	13:19:16
2_	19	3	1	9	9	9	2056	13:19:16
2_	19	3	0	10	7	10	7615	13:19:16
2_	19	3	1	11	11	11	3679	13:19:16
2_	19	3	0	12	16	12	5963	13:19:16
2_	19	3	1	13	13	13	1325	13:19:16
2_	19	3	1	14	14	14	2514	13:19:16
2_	19	3	1	15	15	15	936	13:19:16
2_	19	3	0	16	17	16	10106	13:19:16
2_	19	3	0	17	10	17	1871	13:19:16
2_	19	3	0	18	16	18	2862	13:19:16
2_	8	2	1	1	1	1	2053	16:04:49
2_	8	2	1	2	2	2	2393	16:04:49
2_	8	2	1	3	3	3	1484	16:04:49
2_	8	2	0	4	12	4	8079	16:04:49
2_	8	2	1	5	5	5	3395	16:04:49
2_	8	2	1	6	6	6	2129	16:04:49
2_	8	2	1	7	7	7	1278	16:04:49
2_	8	2	1	8	8	8	1658	16:04:49
2_	8	2	1	9	9	9	2526	16:04:49
2_	8	2	1	10	10	10	1771	16:04:49
2_	8	2	1	11	11	11	876	16:04:49
2_	8	2	0	12	13	12	5935	16:04:49
2_	8	2	0	13	16	13	2678	16:04:49
2_	8	2	1	14	14	14	2194	16:04:49
2_	8	2	1	15	15	15	1486	16:04:49
2_	8	2	1	16	16	16	7770	16:04:49
2_	8	2	0	17	13	17	6199	16:04:49
2_	8	2	1	18	18	18	950	16:04:49
3_	13	2	0	1	5	1	4157	16:38:32
3_	13	2	0	2	5	2	2346	16:38:32
3_	13	2	0	3	2	3	1738	16:38:32
3_	13	2	0	4	15	4	1724	16:38:32
3_	13	2	0	5	7	5	1625	16:38:32
3_	13	2	0	6	9	6	1280	16:38:32
3_	13	2	0	7	10	7	1741	16:38:32
3_	13	2	0	8	7	8	1280	16:38:32
3_	13	2	0	9	15	9	1354	16:38:32
3_	13	2	0	10	6	10	1471	16:38:32
3_	13	2	0	11	13	11	1320	16:38:32
3_	13	2	0	12	2	12	954	16:38:32
3_	13	2	0	13	16	13	1367	16:38:32
3_	13	2	0	14	8	14	1058	16:38:32
3_	13	2	0	15	14	15	1084	16:38:32
3_	13	2	1	16	16	16	899	16:38:32
3_	13	2	0	17	15	17	663	16:38:32
3_	13	2	0	18	3	18	827	16:38:32
3_	19	2	1	1	1	1	15896	13:10:18
3_	19	2	1	2	2	2	2367	13:10:18
3_	19	2	1	3	3	3	1921	13:10:18
3_	19	2	0	4	5	4	5897	13:10:18
3_	19	2	0	5	9	5	3490	13:10:18
3_	19	2	1	6	6	6	6833	13:10:18
3_	19	2	1	7	7	7	1092	13:10:18
3_	19	2	0	8	12	8	8942	13:10:18
3_	19	2	0	9	10	9	4380	13:10:18
3_	19	2	1	10	10	10	7780	13:10:18
3_	19	2	0	11	9	11	4891	13:10:18
3_	19	2	1	12	12	12	2249	13:10:18
3_	19	2	1	13	13	13	1457	13:10:18
3_	19	2	1	14	14	14	1810	13:10:18
3_	19	2	1	15	15	15	5958	13:10:18
3_	19	2	0	16	18	16	2565	13:10:18
3_	19	2	0	17	1	17	7878	13:10:18
3_	19	2	0	18	16	18	10865	13:10:18
3_	3	3	0	1	7	1	2556	10:57:16
3_	3	3	0	2	13	2	3478	10:57:16
3_	3	3	1	3	3	3	1846	10:57:16
3_	3	3	0	4	12	4	1168	10:57:16
3_	3	3	0	5	2	5	1347	10:57:16
3_	3	3	0	6	18	6	1216	10:57:16
3_	3	3	0	7	9	7	1417	10:57:16
3_	3	3	0	8	5	8	1527	10:57:16
3_	3	3	1	9	9	9	1890	10:57:16
3_	3	3	0	10	17	10	1642	10:57:16
3_	3	3	1	11	11	11	3012	10:57:16
3_	3	3	0	12	10	12	2729	10:57:16
3_	3	3	0	13	6	13	1097	10:57:16
3_	3	3	0	14	2	14	3111	10:57:16
3_	3	3	0	15	9	15	2544	10:57:16
3_	3	3	0	16	11	16	2957	10:57:16
3_	3	3	1	17	17	17	2573	10:57:16
3_	3	3	0	18	3	18	5148	10:57:16
3_	8	3	1	1	1	1	1300	16:12:13
3_	8	3	1	2	2	2	1560	16:12:13
3_	8	3	1	3	3	3	1274	16:12:13
3_	8	3	1	4	4	4	16050	16:12:13
3_	8	3	1	5	5	5	2040	16:12:13
3_	8	3	1	6	6	6	1611	16:12:13
3_	8	3	1	7	7	7	1117	16:12:13
3_	8	3	1	8	8	8	1262	16:12:13
3_	8	3	1	9	9	9	2418	16:12:13
3_	8	3	1	10	10	10	2699	16:12:13
3_	8	3	1	11	11	11	1041	16:12:13
3_	8	3	1	12	12	12	1256	16:12:13
3_	8	3	1	13	13	13	2102	16:12:13
3_	8	3	1	14	14	14	1698	16:12:13
3_	8	3	1	15	15	15	2169	16:12:13
3_	8	3	1	16	16	16	1179	16:12:13
3_	8	3	1	17	17	17	1200	16:12:13
3_	8	3	1	18	18	18	1737	16:12:13
4_	13	1	0	1	9	1	2017	16:30:47
4_	13	1	0	2	16	2	4916	16:30:47
4_	13	1	0	3	16	3	1811	16:30:47
4_	13	1	0	4	16	4	3141	16:30:47
4_	13	1	0	5	7	5	2882	16:30:47
4_	13	1	0	6	8	6	2865	16:30:47
4_	13	1	0	7	8	7	3514	16:30:47
4_	13	1	0	8	7	8	3772	16:30:47
4_	13	1	1	9	9	9	2169	16:30:47
4_	13	1	0	10	5	10	1698	16:30:47
4_	13	1	0	11	18	11	966	16:30:47
4_	13	1	0	12	9	12	591	16:30:47
4_	13	1	0	13	12	13	660	16:30:47
4_	13	1	0	14	13	14	980	16:30:47
4_	13	1	0	15	12	15	4454	16:30:47
4_	13	1	1	16	16	16	2202	16:30:47
4_	13	1	1	17	17	17	1040	16:30:47
4_	13	1	0	18	1	18	1443	16:30:47
4_	19	1	0	1	10	1	13256	12:37:26
4_	19	1	0	2	14	2	5431	12:37:26
4_	19	1	0	3	12	3	4336	12:37:26
4_	19	1	1	4	4	4	3008	12:37:26
4_	19	1	1	5	5	5	1676	12:37:26
4_	19	1	1	6	6	6	2720	12:37:26
4_	19	1	1	7	7	7	6193	12:37:26
4_	19	1	0	8	11	8	2963	12:37:26
4_	19	1	0	9	13	9	2380	12:37:26
4_	19	1	1	10	10	10	1715	12:37:26
4_	19	1	0	11	4	11	5516	12:37:26
4_	19	1	0	12	2	12	3411	12:37:26
4_	19	1	0	13	1	13	4990	12:37:26
4_	19	1	0	14	17	14	2679	12:37:26
4_	19	1	0	15	16	15	9420	12:37:26
4_	19	1	0	16	12	16	3993	12:37:26
4_	19	1	0	17	14	17	5660	12:37:26
4_	19	1	1	18	18	18	1760	12:37:26
4_	3	4	1	1	1	1	6161	11:05:32
4_	3	4	0	2	13	2	3533	11:05:32
4_	3	4	0	3	16	3	2521	11:05:32
4_	3	4	0	4	16	4	1728	11:05:32
4_	3	4	0	5	15	5	4216	11:05:32
4_	3	4	0	6	9	6	5934	11:05:32
4_	3	4	1	7	7	7	3705	11:05:32
4_	3	4	0	8	10	8	5980	11:05:32
4_	3	4	0	9	17	9	1299	11:05:32
4_	3	4	0	10	3	10	3850	11:05:32
4_	3	4	0	11	17	11	4191	11:05:32
4_	3	4	0	12	14	12	1296	11:05:32
4_	3	4	0	13	5	13	11881	11:05:32
4_	3	4	0	14	12	14	5743	11:05:32
4_	3	4	0	15	9	15	2815	11:05:32
4_	3	4	0	16	2	16	4339	11:05:32
4_	3	4	0	17	11	17	5246	11:05:32
4_	3	4	1	18	18	18	1296	11:05:32
4_	8	4	1	1	1	1	2350	16:19:26
4_	8	4	1	2	2	2	1612	16:19:26
4_	8	4	1	3	3	3	3952	16:19:26
4_	8	4	1	4	4	4	1324	16:19:26
4_	8	4	1	5	5	5	1544	16:19:26
4_	8	4	1	6	6	6	2029	16:19:26
4_	8	4	1	7	7	7	1240	16:19:26
4_	8	4	1	8	8	8	10219	16:19:26
4_	8	4	1	9	9	9	1666	16:19:26
4_	8	4	1	10	10	10	1298	16:19:26
4_	8	4	1	11	11	11	1057	16:19:26
4_	8	4	1	12	12	12	2286	16:19:26
4_	8	4	0	13	8	13	2689	16:19:26
4_	8	4	1	14	14	14	4015	16:19:26
4_	8	4	1	15	15	15	1355	16:19:26
4_	8	4	1	16	16	16	2435	16:19:26
4_	8	4	1	17	17	17	2104	16:19:26
4_	8	4	1	18	18	18	1398	16:19:26
1_	14	4	0	1	12	1	764	16:39:39
1_	14	4	0	2	11	2	650	16:39:39
1_	14	4	0	3	9	3	352	16:39:39
1_	14	4	0	4	15	4	828	16:39:39
1_	14	4	0	5	11	5	835	16:39:39
1_	14	4	0	6	5	6	1094	16:39:39
1_	14	4	0	7	13	7	640	16:39:39
1_	14	4	0	8	17	8	449	16:39:39
1_	14	4	0	9	7	9	797	16:39:39
1_	14	4	0	10	15	10	578	16:39:39
1_	14	4	0	11	6	11	1208	16:39:39
1_	14	4	0	12	9	12	631	16:39:39
1_	14	4	0	13	16	13	486	16:39:39
1_	14	4	0	14	12	14	516	16:39:39
1_	14	4	0	15	6	15	605	16:39:39
1_	14	4	0	16	1	16	842	16:39:39
1_	14	4	0	17	11	17	1742	16:39:39
1_	14	4	1	18	18	18	1063	16:39:39
1_	20	4	1	1	1	1	1940	13:25:26
1_	20	4	1	2	2	2	4770	13:25:26
1_	20	4	1	3	3	3	2252	13:25:26
1_	20	4	1	4	4	4	2059	13:25:26
1_	20	4	1	5	5	5	7201	13:25:26
1_	20	4	1	6	6	6	1613	13:25:26
1_	20	4	1	7	7	7	1528	13:25:26
1_	20	4	1	8	8	8	2961	13:25:26
1_	20	4	1	9	9	9	2240	13:25:26
1_	20	4	1	10	10	10	9617	13:25:26
1_	20	4	1	11	11	11	1049	13:25:26
1_	20	4	1	12	12	12	2906	13:25:26
1_	20	4	1	13	13	13	1646	13:25:26
1_	20	4	1	14	14	14	2528	13:25:26
1_	20	4	1	15	15	15	1688	13:25:26
1_	20	4	1	16	16	16	1384	13:25:26
1_	20	4	1	17	17	17	1391	13:25:26
1_	20	4	1	18	18	18	4356	13:25:26
1_	7	1	1	1	1	1	2541	15:40:47
1_	7	1	1	2	2	2	6085	15:40:47
1_	7	1	1	3	3	3	3609	15:40:47
1_	7	1	1	4	4	4	2235	15:40:47
1_	7	1	1	5	5	5	3045	15:40:47
1_	7	1	1	6	6	6	1406	15:40:47
1_	7	1	1	7	7	7	10409	15:40:47
1_	7	1	1	8	8	8	1403	15:40:47
1_	7	1	1	9	9	9	1538	15:40:47
1_	7	1	1	10	10	10	2748	15:40:47
1_	7	1	1	11	11	11	789	15:40:47
1_	7	1	1	12	12	12	2365	15:40:47
1_	7	1	1	13	13	13	3495	15:40:47
1_	7	1	0	14	18	14	2758	15:40:47
1_	7	1	1	15	15	15	1735	15:40:47
1_	7	1	1	16	16	16	2530	15:40:47
1_	7	1	0	17	16	17	9783	15:40:47
1_	7	1	1	18	18	18	1416	15:40:47
2_	14	3	0	1	8	1	4048	16:31:51
2_	14	3	0	2	3	2	1799	16:31:51
2_	14	3	0	3	14	3	921	16:31:51
2_	14	3	0	4	15	4	625	16:31:51
2_	14	3	0	5	3	5	903	16:31:51
2_	14	3	0	6	9	6	1065	16:31:51
2_	14	3	0	7	6	7	756	16:31:51
2_	14	3	0	8	15	8	788	16:31:51
2_	14	3	0	9	14	9	1135	16:31:51
2_	14	3	0	10	7	10	1162	16:31:51
2_	14	3	0	11	12	11	2530	16:31:51
2_	14	3	0	12	2	12	1063	16:31:51
2_	14	3	1	13	13	13	952	16:31:51
2_	14	3	0	14	1	14	1106	16:31:51
2_	14	3	0	15	17	15	2175	16:31:51
2_	14	3	0	16	15	16	828	16:31:51
2_	14	3	1	17	17	17	711	16:31:51
2_	14	3	0	18	12	18	671	16:31:51
2_	20	3	1	1	1	1	2668	13:17:54
2_	20	3	1	2	2	2	2352	13:17:54
2_	20	3	1	3	3	3	2523	13:17:54
2_	20	3	1	4	4	4	3149	13:17:54
2_	20	3	1	5	5	5	3354	13:17:54
2_	20	3	1	6	6	6	2183	13:17:54
2_	20	3	1	7	7	7	1439	13:17:54
2_	20	3	1	8	8	8	2142	13:17:54
2_	20	3	1	9	9	9	1428	13:17:54
2_	20	3	1	10	10	10	8214	13:17:54
2_	20	3	1	11	11	11	1085	13:17:54
2_	20	3	1	12	12	12	11359	13:17:54
2_	20	3	1	13	13	13	1087	13:17:54
2_	20	3	1	14	14	14	3640	13:17:54
2_	20	3	1	15	15	15	4744	13:17:54
2_	20	3	1	16	16	16	2228	13:17:54
2_	20	3	1	17	17	17	1959	13:17:54
2_	20	3	1	18	18	18	3911	13:17:54
2_	7	2	0	1	15	1	2614	15:48:48
2_	7	2	1	2	2	2	1800	15:48:48
2_	7	2	1	3	3	3	1756	15:48:48
2_	7	2	0	4	12	4	2922	15:48:48
2_	7	2	0	5	6	5	1419	15:48:48
2_	7	2	1	6	6	6	3683	15:48:48
2_	7	2	1	7	7	7	1381	15:48:48
2_	7	2	1	8	8	8	1571	15:48:48
2_	7	2	0	9	1	9	4620	15:48:48
2_	7	2	1	10	10	10	2552	15:48:48
2_	7	2	1	11	11	11	1223	15:48:48
2_	7	2	0	12	13	12	1949	15:48:48
2_	7	2	0	13	4	13	5427	15:48:48
2_	7	2	0	14	13	14	4097	15:48:48
2_	7	2	0	15	17	15	3538	15:48:48
2_	7	2	1	16	16	16	2154	15:48:48
2_	7	2	0	17	18	17	4203	15:48:48
2_	7	2	0	18	14	18	6854	15:48:48
3_	14	2	1	1	1	1	5220	16:24:36
3_	14	2	0	2	4	2	3602	16:24:36
3_	14	2	1	3	3	3	5585	16:24:36
3_	14	2	0	4	10	4	3322	16:24:36
3_	14	2	0	5	18	5	6396	16:24:36
3_	14	2	0	6	12	6	1697	16:24:36
3_	14	2	1	7	7	7	1106	16:24:36
3_	14	2	0	8	16	8	2335	16:24:36
3_	14	2	0	9	16	9	1700	16:24:36
3_	14	2	0	10	6	10	3442	16:24:36
3_	14	2	0	11	6	11	1822	16:24:36
3_	14	2	0	12	11	12	2115	16:24:36
3_	14	2	0	13	7	13	1465	16:24:36
3_	14	2	0	14	13	14	2106	16:24:36
3_	14	2	0	15	8	15	2248	16:24:36
3_	14	2	0	16	10	16	1102	16:24:36
3_	14	2	0	17	2	17	1717	16:24:36
3_	14	2	1	18	18	18	1526	16:24:36
3_	20	2	0	1	10	1	10566	13:09:44
3_	20	2	0	2	6	2	7112	13:09:44
3_	20	2	0	3	4	3	2234	13:09:44
3_	20	2	0	4	11	4	10182	13:09:44
3_	20	2	1	5	5	5	2781	13:09:44
3_	20	2	0	6	16	6	1736	13:09:44
3_	20	2	1	7	7	7	1407	13:09:44
3_	20	2	1	8	8	8	2209	13:09:44
3_	20	2	0	9	18	9	7617	13:09:44
3_	20	2	0	10	13	10	2053	13:09:44
3_	20	2	0	11	17	11	3595	13:09:44
3_	20	2	0	12	18	12	4213	13:09:44
3_	20	2	0	13	3	13	4686	13:09:44
3_	20	2	0	14	9	14	10867	13:09:44
3_	20	2	0	15	12	15	10144	13:09:44
3_	20	2	0	16	1	16	4670	13:09:44
3_	20	2	0	17	14	17	6471	13:09:44
3_	20	2	0	18	2	18	2443	13:09:44
3_	7	3	0	1	9	1	4050	15:56:03
3_	7	3	1	2	2	2	2048	15:56:03
3_	7	3	0	3	10	3	3670	15:56:03
3_	7	3	1	4	4	4	3680	15:56:03
3_	7	3	1	5	5	5	6437	15:56:03
3_	7	3	1	6	6	6	2288	15:56:03
3_	7	3	1	7	7	7	1511	15:56:03
3_	7	3	1	8	8	8	4012	15:56:03
3_	7	3	0	9	15	9	4760	15:56:03
3_	7	3	0	10	3	10	7319	15:56:03
3_	7	3	1	11	11	11	1586	15:56:03
3_	7	3	0	12	1	12	5332	15:56:03
3_	7	3	1	13	13	13	1833	15:56:03
3_	7	3	1	14	14	14	1450	15:56:03
3_	7	3	1	15	15	15	1348	15:56:03
3_	7	3	1	16	16	16	1360	15:56:03
3_	7	3	1	17	17	17	2841	15:56:03
3_	7	3	0	18	12	18	1154	15:56:03
4_	14	1	0	1	12	1	2506	16:16:47
4_	14	1	0	2	16	2	1414	16:16:47
4_	14	1	0	3	2	3	3304	16:16:47
4_	14	1	0	4	17	4	2214	16:16:47
4_	14	1	0	5	15	5	988	16:16:47
4_	14	1	0	6	3	6	1048	16:16:47
4_	14	1	0	7	5	7	1783	16:16:47
4_	14	1	0	8	6	8	961	16:16:47
4_	14	1	0	9	4	9	1848	16:16:47
4_	14	1	0	10	11	10	2719	16:16:47
4_	14	1	0	11	4	11	1153	16:16:47
4_	14	1	0	12	18	12	2350	16:16:47
4_	14	1	0	13	3	13	2948	16:16:47
4_	14	1	0	14	8	14	1745	16:16:47
4_	14	1	0	15	14	15	2673	16:16:47
4_	14	1	0	16	1	16	3162	16:16:47
4_	14	1	0	17	16	17	1180	16:16:47
4_	14	1	0	18	13	18	5351	16:16:47
4_	20	1	1	1	1	1	11103	12:26:01
4_	20	1	1	2	2	2	13669	12:26:01
4_	20	1	1	3	3	3	1685	12:26:01
4_	20	1	1	4	4	4	1879	12:26:01
4_	20	1	1	5	5	5	2263	12:26:01
4_	20	1	1	6	6	6	2388	12:26:01
4_	20	1	1	7	7	7	1713	12:26:01
4_	20	1	1	8	8	8	3462	12:26:01
4_	20	1	1	9	9	9	6176	12:26:01
4_	20	1	1	10	10	10	2887	12:26:01
4_	20	1	1	11	11	11	1112	12:26:01
4_	20	1	1	12	12	12	18228	12:26:01
4_	20	1	1	13	13	13	2764	12:26:01
4_	20	1	1	14	14	14	6099	12:26:01
4_	20	1	1	15	15	15	1226	12:26:01
4_	20	1	1	16	16	16	10865	12:26:01
4_	20	1	1	17	17	17	3120	12:26:01
4_	20	1	1	18	18	18	2125	12:26:01
4_	7	4	1	1	1	1	4184	16:05:25
4_	7	4	0	2	17	2	1384	16:05:25
4_	7	4	1	3	3	3	1156	16:05:25
4_	7	4	0	4	11	4	2695	16:05:25
4_	7	4	1	5	5	5	1449	16:05:25
4_	7	4	1	6	6	6	1392	16:05:25
4_	7	4	1	7	7	7	1477	16:05:25
4_	7	4	1	8	8	8	3702	16:05:25
4_	7	4	1	9	9	9	2011	16:05:25
4_	7	4	1	10	10	10	1342	16:05:25
4_	7	4	1	11	11	11	1245	16:05:25
4_	7	4	1	12	12	12	4551	16:05:25
4_	7	4	1	13	13	13	1507	16:05:25
4_	7	4	1	14	14	14	3008	16:05:25
4_	7	4	1	15	15	15	1226	16:05:25
4_	7	4	1	16	16	16	2684	16:05:25
4_	7	4	0	17	12	17	7437	16:05:25
4_	7	4	1	18	18	18	2400	16:05:25
1_	10	4	1	1	1	1	3079	16:31:27
1_	10	4	1	2	2	2	3044	16:31:27
1_	10	4	1	3	3	3	3034	16:31:27
1_	10	4	0	4	16	4	1669	16:31:27
1_	10	4	1	5	5	5	3102	16:31:27
1_	10	4	1	6	6	6	1603	16:31:27
1_	10	4	1	7	7	7	2241	16:31:27
1_	10	4	1	8	8	8	2489	16:31:27
1_	10	4	1	9	9	9	2169	16:31:27
1_	10	4	1	10	10	10	1284	16:31:27
1_	10	4	1	11	11	11	3372	16:31:27
1_	10	4	1	12	12	12	1862	16:31:27
1_	10	4	1	13	13	13	1519	16:31:27
1_	10	4	1	14	14	14	2457	16:31:27
1_	10	4	1	15	15	15	1719	16:31:27
1_	10	4	0	16	4	16	8502	16:31:27
1_	10	4	1	17	17	17	1074	16:31:27
1_	10	4	1	18	18	18	1930	16:31:27
1_	18	4	1	1	1	1	1747	12:46:23
1_	18	4	0	2	17	2	2408	12:46:23
1_	18	4	0	3	7	3	5883	12:46:23
1_	18	4	0	4	9	4	5393	12:46:23
1_	18	4	0	5	4	5	4075	12:46:23
1_	18	4	0	6	16	6	2681	12:46:23
1_	18	4	0	7	6	7	3462	12:46:23
1_	18	4	1	8	8	8	3009	12:46:23
1_	18	4	0	9	16	9	2732	12:46:23
1_	18	4	0	10	8	10	2712	12:46:23
1_	18	4	0	11	16	11	5529	12:46:23
1_	18	4	0	12	10	12	2654	12:46:23
1_	18	4	0	13	2	13	3161	12:46:23
1_	18	4	0	14	5	14	5724	12:46:23
1_	18	4	0	15	3	15	4488	12:46:23
1_	18	4	0	16	18	16	5345	12:46:23
1_	18	4	0	17	10	17	3289	12:46:23
1_	18	4	0	18	1	18	2658	12:46:23
1_	23	1	1	1	1	1	2539	13:11:16
1_	23	1	0	2	17	2	4003	13:11:16
1_	23	1	1	3	3	3	3992	13:11:16
1_	23	1	0	4	16	4	1547	13:11:16
1_	23	1	0	5	7	5	6400	13:11:16
1_	23	1	0	6	10	6	3087	13:11:16
1_	23	1	0	7	5	7	3867	13:11:16
1_	23	1	0	8	12	8	7595	13:11:16
1_	23	1	0	9	6	9	1762	13:11:16
1_	23	1	0	10	13	10	2730	13:11:16
1_	23	1	0	11	9	11	8471	13:11:16
1_	23	1	0	12	17	12	7695	13:11:16
1_	23	1	0	13	8	13	9918	13:11:16
1_	23	1	0	14	8	14	4919	13:11:16
1_	23	1	0	15	2	15	2088	13:11:16
1_	23	1	0	16	1	16	6465	13:11:16
1_	23	1	0	17	2	17	6452	13:11:16
1_	23	1	1	18	18	18	2730	13:11:16
1_	26	4	0	1	3	1	3785	14:12:36
1_	26	4	0	2	4	2	1814	14:12:36
1_	26	4	0	3	14	3	1581	14:12:36
1_	26	4	0	4	13	4	4260	14:12:36
1_	26	4	0	5	12	5	2687	14:12:36
1_	26	4	0	6	15	6	1768	14:12:36
1_	26	4	0	7	13	7	2649	14:12:36
1_	26	4	1	8	8	8	3525	14:12:36
1_	26	4	1	9	9	9	4070	14:12:36
1_	26	4	0	10	6	10	2342	14:12:36
1_	26	4	0	11	14	11	1816	14:12:36
1_	26	4	0	12	10	12	5947	14:12:36
1_	26	4	0	13	17	13	1667	14:12:36
1_	26	4	0	14	5	14	3155	14:12:36
1_	26	4	0	15	16	15	6952	14:12:36
1_	26	4	0	16	2	16	2846	14:12:36
1_	26	4	0	17	7	17	1125	14:12:36
1_	26	4	0	18	2	18	2658	14:12:36
2_	10	3	1	1	1	1	2913	16:23:48
2_	10	3	1	2	2	2	2707	16:23:48
2_	10	3	1	3	3	3	1758	16:23:48
2_	10	3	1	4	4	4	1859	16:23:48
2_	10	3	1	5	5	5	1976	16:23:48
2_	10	3	1	6	6	6	2070	16:23:48
2_	10	3	1	7	7	7	1622	16:23:48
2_	10	3	1	8	8	8	1533	16:23:48
2_	10	3	1	9	9	9	2506	16:23:48
2_	10	3	1	10	10	10	3198	16:23:48
2_	10	3	0	11	13	11	9908	16:23:48
2_	10	3	1	12	12	12	1210	16:23:48
2_	10	3	0	13	18	13	8404	16:23:48
2_	10	3	1	14	14	14	1834	16:23:48
2_	10	3	1	15	15	15	9172	16:23:48
2_	10	3	1	16	16	16	1722	16:23:48
2_	10	3	1	17	17	17	7796	16:23:48
2_	10	3	0	18	11	18	17436	16:23:48
2_	18	3	1	1	1	1	1370	12:38:46
2_	18	3	0	2	7	2	2051	12:38:46
2_	18	3	0	3	5	3	2020	12:38:46
2_	18	3	0	4	9	4	2290	12:38:46
2_	18	3	0	5	15	5	3380	12:38:46
2_	18	3	0	6	18	6	1705	12:38:46
2_	18	3	0	7	17	7	2214	12:38:46
2_	18	3	0	8	1	8	2255	12:38:46
2_	18	3	1	9	9	9	2035	12:38:46
2_	18	3	1	10	10	10	2951	12:38:46
2_	18	3	0	11	3	11	2732	12:38:46
2_	18	3	0	12	11	12	2569	12:38:46
2_	18	3	0	13	7	13	7108	12:38:46
2_	18	3	1	14	14	14	2879	12:38:46
2_	18	3	0	15	5	15	1724	12:38:46
2_	18	3	0	16	2	16	2337	12:38:46
2_	18	3	0	17	6	17	2186	12:38:46
2_	18	3	0	18	1	18	2315	12:38:46
2_	23	2	1	1	1	1	2976	13:20:24
2_	23	2	0	2	7	2	2510	13:20:24
2_	23	2	0	3	9	3	3170	13:20:24
2_	23	2	1	4	4	4	2020	13:20:24
2_	23	2	0	5	17	5	5866	13:20:24
2_	23	2	0	6	5	6	4977	13:20:24
2_	23	2	0	7	2	7	2601	13:20:24
2_	23	2	1	8	8	8	1734	13:20:24
2_	23	2	0	9	6	9	2149	13:20:24
2_	23	2	0	10	14	10	1586	13:20:24
2_	23	2	0	11	18	11	2915	13:20:24
2_	23	2	0	12	11	12	4036	13:20:24
2_	23	2	0	13	10	13	8096	13:20:24
2_	23	2	0	14	13	14	2279	13:20:24
2_	23	2	1	15	15	15	1738	13:20:24
2_	23	2	0	16	12	16	6851	13:20:24
2_	23	2	0	17	6	17	3356	13:20:24
2_	23	2	0	18	13	18	6497	13:20:24
2_	26	3	1	1	1	1	1705	14:05:06
2_	26	3	0	2	11	2	7973	14:05:06
2_	26	3	0	3	7	3	3227	14:05:06
2_	26	3	0	4	3	4	2602	14:05:06
2_	26	3	1	5	5	5	874	14:05:06
2_	26	3	0	6	13	6	1911	14:05:06
2_	26	3	0	7	18	7	1603	14:05:06
2_	26	3	0	8	6	8	2290	14:05:06
2_	26	3	1	9	9	9	2418	14:05:06
2_	26	3	1	10	10	10	3338	14:05:06
2_	26	3	0	11	16	11	7507	14:05:06
2_	26	3	1	12	12	12	5640	14:05:06
2_	26	3	0	13	2	13	3051	14:05:06
2_	26	3	0	14	2	14	3528	14:05:06
2_	26	3	1	15	15	15	1415	14:05:06
2_	26	3	1	16	16	16	4353	14:05:06
2_	26	3	0	17	18	17	5887	14:05:06
2_	26	3	0	18	17	18	2475	14:05:06
3_	10	2	0	1	9	1	18087	16:15:23
3_	10	2	1	2	2	2	3243	16:15:23
3_	10	2	0	3	9	3	11673	16:15:23
3_	10	2	1	4	4	4	3745	16:15:23
3_	10	2	1	5	5	5	3330	16:15:23
3_	10	2	1	6	6	6	1951	16:15:23
3_	10	2	1	7	7	7	1660	16:15:23
3_	10	2	1	8	8	8	2329	16:15:23
3_	10	2	0	9	12	9	18670	16:15:23
3_	10	2	1	10	10	10	3693	16:15:23
3_	10	2	1	11	11	11	4916	16:15:23
3_	10	2	0	12	1	12	8094	16:15:23
3_	10	2	1	13	13	13	5886	16:15:23
3_	10	2	1	14	14	14	2048	16:15:23
3_	10	2	1	15	15	15	2282	16:15:23
3_	10	2	1	16	16	16	3645	16:15:23
3_	10	2	1	17	17	17	4091	16:15:23
3_	10	2	1	18	18	18	2219	16:15:23
3_	18	2	0	1	9	1	2352	12:31:01
3_	18	2	1	2	2	2	2235	12:31:01
3_	18	2	0	3	9	3	3686	12:31:01
3_	18	2	0	4	16	4	7075	12:31:01
3_	18	2	0	5	13	5	2665	12:31:01
3_	18	2	0	6	7	6	2273	12:31:01
3_	18	2	0	7	4	7	2690	12:31:01
3_	18	2	0	8	12	8	5409	12:31:01
3_	18	2	0	9	15	9	3517	12:31:01
3_	18	2	1	10	10	10	2492	12:31:01
3_	18	2	0	11	13	11	2917	12:31:01
3_	18	2	0	12	18	12	4768	12:31:01
3_	18	2	0	13	11	13	3744	12:31:01
3_	18	2	1	14	14	14	2185	12:31:01
3_	18	2	0	15	6	15	3916	12:31:01
3_	18	2	1	16	16	16	3028	12:31:01
3_	18	2	0	17	15	17	2482	12:31:01
3_	18	2	0	18	8	18	7039	12:31:01
3_	23	3	0	1	5	1	4015	13:27:57
3_	23	3	1	2	2	2	2577	13:27:57
3_	23	3	0	3	5	3	3393	13:27:57
3_	23	3	1	4	4	4	4198	13:27:57
3_	23	3	0	5	9	5	3594	13:27:57
3_	23	3	0	6	15	6	5003	13:27:57
3_	23	3	1	7	7	7	1602	13:27:57
3_	23	3	0	8	3	8	5929	13:27:57
3_	23	3	0	9	6	9	6862	13:27:57
3_	23	3	0	10	4	10	4913	13:27:57
3_	23	3	0	11	17	11	7409	13:27:57
3_	23	3	0	12	8	12	6011	13:27:57
3_	23	3	0	13	14	13	2822	13:27:57
3_	23	3	0	14	12	14	2972	13:27:57
3_	23	3	0	15	9	15	3713	13:27:57
3_	23	3	0	16	1	16	3028	13:27:57
3_	23	3	0	17	10	17	4114	13:27:57
3_	23	3	1	18	18	18	1907	13:27:57
3_	26	2	0	1	9	1	3272	13:57:20
3_	26	2	1	2	2	2	3263	13:57:20
3_	26	2	1	3	3	3	2164	13:57:20
3_	26	2	0	4	8	4	1670	13:57:20
3_	26	2	0	5	6	5	1533	13:57:20
3_	26	2	0	6	11	6	2321	13:57:20
3_	26	2	0	7	4	7	1723	13:57:20
3_	26	2	0	8	12	8	4387	13:57:20
3_	26	2	0	9	8	9	2205	13:57:20
3_	26	2	0	10	16	10	2548	13:57:20
3_	26	2	0	11	7	11	5568	13:57:20
3_	26	2	0	12	18	12	1892	13:57:20
3_	26	2	0	13	14	13	1899	13:57:20
3_	26	2	0	14	17	14	4332	13:57:20
3_	26	2	0	15	10	15	4464	13:57:20
3_	26	2	1	16	16	16	6372	13:57:20
3_	26	2	0	17	8	17	6441	13:57:20
3_	26	2	0	18	6	18	1960	13:57:20
4_	10	1	0	1	14	1	9410	16:06:48
4_	10	1	0	2	8	2	9677	16:06:48
4_	10	1	1	3	3	3	1624	16:06:48
4_	10	1	0	4	5	4	1335	16:06:48
4_	10	1	0	5	16	5	7956	16:06:48
4_	10	1	1	6	6	6	4426	16:06:48
4_	10	1	0	7	4	7	3065	16:06:48
4_	10	1	1	8	8	8	2968	16:06:48
4_	10	1	0	9	17	9	7913	16:06:48
4_	10	1	1	10	10	10	1754	16:06:48
4_	10	1	1	11	11	11	2160	16:06:48
4_	10	1	1	12	12	12	1769	16:06:48
4_	10	1	0	13	16	13	10828	16:06:48
4_	10	1	0	14	1	14	1281	16:06:48
4_	10	1	1	15	15	15	1734	16:06:48
4_	10	1	0	16	2	16	8692	16:06:48
4_	10	1	0	17	9	17	4733	16:06:48
4_	10	1	1	18	18	18	1121	16:06:48
4_	18	1	0	1	5	1	6242	12:20:55
4_	18	1	1	2	2	2	9569	12:20:55
4_	18	1	0	3	17	3	11882	12:20:55
4_	18	1	0	4	10	4	12438	12:20:55
4_	18	1	0	5	4	5	10114	12:20:55
4_	18	1	1	6	6	6	3617	12:20:55
4_	18	1	1	7	7	7	1978	12:20:55
4_	18	1	0	8	12	8	6359	12:20:55
4_	18	1	1	9	9	9	6336	12:20:55
4_	18	1	0	10	16	10	8776	12:20:55
4_	18	1	0	11	1	11	6005	12:20:55
4_	18	1	0	12	8	12	3581	12:20:55
4_	18	1	1	13	13	13	15579	12:20:55
4_	18	1	0	14	2	14	2504	12:20:55
4_	18	1	1	15	15	15	6925	12:20:55
4_	18	1	0	16	2	16	3969	12:20:55
4_	18	1	0	17	16	17	5459	12:20:55
4_	18	1	0	18	5	18	1935	12:20:55
4_	23	4	0	1	2	1	6520	13:35:36
4_	23	4	0	2	4	2	2682	13:35:36
4_	23	4	1	3	3	3	2510	13:35:36
4_	23	4	0	4	5	4	3986	13:35:36
4_	23	4	1	5	5	5	4179	13:35:36
4_	23	4	0	6	15	6	1169	13:35:36
4_	23	4	0	7	12	7	1672	13:35:36
4_	23	4	0	8	9	8	4636	13:35:36
4_	23	4	0	9	18	9	7654	13:35:36
4_	23	4	0	10	11	10	4098	13:35:36
4_	23	4	0	11	4	11	3573	13:35:36
4_	23	4	0	12	14	12	6560	13:35:36
4_	23	4	1	13	13	13	2202	13:35:36
4_	23	4	0	14	16	14	3445	13:35:36
4_	23	4	0	15	6	15	2022	13:35:36
4_	23	4	0	16	8	16	2943	13:35:36
4_	23	4	0	17	11	17	4705	13:35:36
4_	23	4	0	18	9	18	6293	13:35:36
4_	26	1	0	1	4	1	5441	13:46:30
4_	26	1	1	2	2	2	4849	13:46:30
4_	26	1	0	3	8	3	4064	13:46:30
4_	26	1	0	4	8	4	1426	13:46:30
4_	26	1	1	5	5	5	3633	13:46:30
4_	26	1	0	6	9	6	1332	13:46:30
4_	26	1	0	7	16	7	1297	13:46:30
4_	26	1	0	8	11	8	2604	13:46:30
4_	26	1	0	9	7	9	2912	13:46:30
4_	26	1	0	10	16	10	1450	13:46:30
4_	26	1	0	11	1	11	1800	13:46:30
4_	26	1	0	12	3	12	1031	13:46:30
4_	26	1	0	13	3	13	1290	13:46:30
4_	26	1	0	14	9	14	1274	13:46:30
4_	26	1	0	15	17	15	1890	13:46:30
4_	26	1	0	16	14	16	2380	13:46:30
4_	26	1	0	17	18	17	2321	13:46:30
4_	26	1	0	18	10	18	3154	13:46:30
1_	11	4	0	1	2	1	1292	17:09:47
1_	11	4	0	2	4	2	1300	17:09:47
1_	11	4	0	3	12	3	1248	17:09:47
1_	11	4	0	4	12	4	1611	17:09:47
1_	11	4	0	5	15	5	2198	17:09:47
1_	11	4	0	6	16	6	1998	17:09:47
1_	11	4	0	7	15	7	1620	17:09:47
1_	11	4	0	8	10	8	2084	17:09:47
1_	11	4	0	9	12	9	3558	17:09:47
1_	11	4	0	10	15	10	1796	17:09:47
1_	11	4	0	11	1	11	2586	17:09:47
1_	11	4	0	12	18	12	1769	17:09:47
1_	11	4	0	13	11	13	1863	17:09:47
1_	11	4	0	14	13	14	3219	17:09:47
1_	11	4	0	15	4	15	1434	17:09:47
1_	11	4	0	16	4	16	1765	17:09:47
1_	11	4	0	17	15	17	3017	17:09:47
1_	11	4	0	18	16	18	1540	17:09:47
1_	16	4	0	1	3	1	3502	13:09:26
1_	16	4	0	2	1	2	3498	13:09:26
1_	16	4	0	3	14	3	1827	13:09:26
1_	16	4	0	4	16	4	1274	13:09:26
1_	16	4	0	5	14	5	2612	13:09:26
1_	16	4	0	6	10	6	5286	13:09:26
1_	16	4	0	7	1	7	2658	13:09:26
1_	16	4	1	8	8	8	3686	13:09:26
1_	16	4	0	9	5	9	5403	13:09:26
1_	16	4	1	10	10	10	8201	13:09:26
1_	16	4	1	11	11	11	1974	13:09:26
1_	16	4	0	12	13	12	4052	13:09:26
1_	16	4	1	13	13	13	1520	13:09:26
1_	16	4	0	14	9	14	4541	13:09:26
1_	16	4	0	15	10	15	2366	13:09:26
1_	16	4	0	16	18	16	3712	13:09:26
1_	16	4	1	17	17	17	3178	13:09:26
1_	16	4	0	18	3	18	4341	13:09:26
1_	21	1	0	1	3	1	14227	13:27:18
1_	21	1	0	2	13	2	3065	13:27:18
1_	21	1	0	3	7	3	12297	13:27:18
1_	21	1	1	4	4	4	5841	13:27:18
1_	21	1	0	5	4	5	3973	13:27:18
1_	21	1	1	6	6	6	6786	13:27:18
1_	21	1	0	7	9	7	2748	13:27:18
1_	21	1	1	8	8	8	1330	13:27:18
1_	21	1	0	9	7	9	4328	13:27:18
1_	21	1	0	10	2	10	3525	13:27:18
1_	21	1	0	11	14	11	8554	13:27:18
1_	21	1	0	12	11	12	8385	13:27:18
1_	21	1	0	13	2	13	8561	13:27:18
1_	21	1	0	14	5	14	4892	13:27:18
1_	21	1	0	15	17	15	5875	13:27:18
1_	21	1	0	16	12	16	4178	13:27:18
1_	21	1	0	17	18	17	1680	13:27:18
1_	21	1	0	18	1	18	8155	13:27:18
1_	24	4	1	1	1	1	2893	14:40:43
1_	24	4	0	2	15	2	11573	14:40:43
1_	24	4	0	3	18	3	7803	14:40:43
1_	24	4	0	4	2	4	5026	14:40:43
1_	24	4	1	5	5	5	1808	14:40:43
1_	24	4	0	6	15	6	8419	14:40:43
1_	24	4	1	7	7	7	3001	14:40:43
1_	24	4	1	8	8	8	2456	14:40:43
1_	24	4	0	9	11	9	5548	14:40:43
1_	24	4	1	10	10	10	3476	14:40:43
1_	24	4	0	11	18	11	4417	14:40:43
1_	24	4	1	12	12	12	1876	14:40:43
1_	24	4	0	13	6	13	5436	14:40:43
1_	24	4	1	14	14	14	3431	14:40:43
1_	24	4	0	15	6	15	6620	14:40:43
1_	24	4	0	16	11	16	6919	14:40:43
1_	24	4	0	17	2	17	9152	14:40:43
1_	24	4	0	18	17	18	3205	14:40:43
1_	5	1	0	1	9	1	7455	16:07:52
1_	5	1	0	2	13	2	5162	16:07:52
1_	5	1	0	3	18	3	10622	16:07:52
1_	5	1	1	4	4	4	1951	16:07:52
1_	5	1	1	5	5	5	3229	16:07:52
1_	5	1	1	6	6	6	10139	16:07:52
1_	5	1	0	7	1	7	14554	16:07:52
1_	5	1	1	8	8	8	1365	16:07:52
1_	5	1	0	9	16	9	7143	16:07:52
1_	5	1	0	10	4	10	1713	16:07:52
1_	5	1	1	11	11	11	6139	16:07:52
1_	5	1	0	12	10	12	9644	16:07:52
1_	5	1	1	13	13	13	1701	16:07:52
1_	5	1	1	14	14	14	7257	16:07:52
1_	5	1	1	15	15	15	1844	16:07:52
1_	5	1	1	16	16	16	3707	16:07:52
1_	5	1	1	17	17	17	2048	16:07:52
1_	5	1	0	18	1	18	10102	16:07:52
2_	1	1	0	1	17	1	4880	10:29:45
2_	1	1	0	2	7	2	1802	10:29:45
2_	1	1	0	3	17	3	2480	10:29:45
2_	1	1	0	4	13	4	6024	10:29:45
2_	1	1	0	5	14	5	5933	10:29:45
2_	1	1	0	6	15	6	10487	10:29:45
2_	1	1	0	7	6	7	1830	10:29:45
2_	1	1	0	8	9	8	7030	10:29:45
2_	1	1	0	9	10	9	10764	10:29:45
2_	1	1	0	10	11	10	4738	10:29:45
2_	1	1	0	11	5	11	5251	10:29:45
2_	1	1	1	12	12	12	4339	10:29:45
2_	1	1	0	13	2	13	2820	10:29:45
2_	1	1	0	14	13	14	9053	10:29:45
2_	1	1	0	15	8	15	1559	10:29:45
2_	1	1	0	16	4	16	3759	10:29:45
2_	1	1	0	17	18	17	12622	10:29:45
2_	1	1	0	18	3	18	2109	10:29:45
2_	11	3	0	1	10	1	2364	17:02:08
2_	11	3	0	2	16	2	1366	17:02:08
2_	11	3	0	3	14	3	3535	17:02:08
2_	11	3	0	4	12	4	4314	17:02:08
2_	11	3	0	5	3	5	3066	17:02:08
2_	11	3	0	6	4	6	1417	17:02:08
2_	11	3	0	7	18	7	1152	17:02:08
2_	11	3	1	8	8	8	1901	17:02:08
2_	11	3	0	9	11	9	1026	17:02:08
2_	11	3	0	10	1	10	970	17:02:08
2_	11	3	0	11	4	11	988	17:02:08
2_	11	3	0	12	17	12	975	17:02:08
2_	11	3	0	13	5	13	816	17:02:08
2_	11	3	0	14	15	14	2071	17:02:08
2_	11	3	0	15	1	15	2096	17:02:08
2_	11	3	0	16	13	16	1274	17:02:08
2_	11	3	0	17	9	17	1713	17:02:08
2_	11	3	0	18	13	18	5435	17:02:08
2_	16	3	1	1	1	1	1804	13:00:23
2_	16	3	0	2	7	2	1688	13:00:23
2_	16	3	0	3	15	3	7361	13:00:23
2_	16	3	0	4	10	4	4780	13:00:23
2_	16	3	0	5	4	5	4083	13:00:23
2_	16	3	0	6	13	6	1830	13:00:23
2_	16	3	0	7	12	7	3337	13:00:23
2_	16	3	1	8	8	8	2689	13:00:23
2_	16	3	1	9	9	9	2764	13:00:23
2_	16	3	1	10	10	10	2045	13:00:23
2_	16	3	0	11	15	11	4862	13:00:23
2_	16	3	0	12	18	12	4736	13:00:23
2_	16	3	0	13	2	13	11241	13:00:23
2_	16	3	0	14	11	14	4706	13:00:23
2_	16	3	0	15	16	15	3264	13:00:23
2_	16	3	0	16	14	16	8493	13:00:23
2_	16	3	0	17	18	17	3059	13:00:23
2_	16	3	0	18	17	18	2079	13:00:23
2_	2	2	1	1	1	1	6762	11:01:36
2_	2	2	0	2	3	2	9042	11:01:36
2_	2	2	0	3	9	3	4609	11:01:36
2_	2	2	1	4	4	4	1837	11:01:36
2_	2	2	0	5	6	5	7967	11:01:36
2_	2	2	0	6	3	6	5321	11:01:36
2_	2	2	1	7	7	7	2890	11:01:36
2_	2	2	1	8	8	8	2626	11:01:36
2_	2	2	0	9	2	9	5208	11:01:36
2_	2	2	1	10	10	10	4500	11:01:36
2_	2	2	0	11	12	11	14308	11:01:36
2_	2	2	0	12	13	12	3327	11:01:36
2_	2	2	0	13	18	13	7284	11:01:36
2_	2	2	0	14	16	14	3039	11:01:36
2_	2	2	0	15	9	15	8875	11:01:36
2_	2	2	0	16	14	16	5587	11:01:36
2_	2	2	1	17	17	17	3245	11:01:36
2_	2	2	0	18	2	18	12075	11:01:36
2_	21	2	0	1	9	1	2033	13:39:34
2_	21	2	0	2	14	2	4300	13:39:34
2_	21	2	0	3	4	3	6328	13:39:34
2_	21	2	0	4	6	4	3756	13:39:34
2_	21	2	0	5	7	5	2594	13:39:34
2_	21	2	0	6	10	6	2726	13:39:34
2_	21	2	0	7	8	7	1401	13:39:34
2_	21	2	0	8	3	8	1145	13:39:34
2_	21	2	0	9	11	9	2565	13:39:34
2_	21	2	0	10	15	10	2303	13:39:34
2_	21	2	0	11	5	11	1991	13:39:34
2_	21	2	0	12	16	12	2837	13:39:34
2_	21	2	0	13	18	13	6200	13:39:34
2_	21	2	0	14	13	14	5695	13:39:34
2_	21	2	0	15	1	15	8864	13:39:34
2_	21	2	0	16	12	16	9746	13:39:34
2_	21	2	0	17	1	17	5026	13:39:34
2_	21	2	0	18	10	18	2919	13:39:34
2_	24	3	0	1	4	1	10535	14:31:12
2_	24	3	0	2	9	2	8676	14:31:12
2_	24	3	0	3	8	3	2049	14:31:12
2_	24	3	0	4	15	4	15172	14:31:12
2_	24	3	0	5	12	5	8256	14:31:12
2_	24	3	1	6	6	6	1717	14:31:12
2_	24	3	1	7	7	7	2364	14:31:12
2_	24	3	0	8	3	8	6517	14:31:12
2_	24	3	0	9	2	9	3942	14:31:12
2_	24	3	0	10	18	10	6358	14:31:12
2_	24	3	1	11	11	11	4149	14:31:12
2_	24	3	0	12	1	12	9906	14:31:12
2_	24	3	0	13	1	13	2223	14:31:12
2_	24	3	0	14	13	14	10630	14:31:12
2_	24	3	0	15	18	15	7374	14:31:12
2_	24	3	1	16	16	16	4465	14:31:12
2_	24	3	0	17	10	17	6338	14:31:12
2_	24	3	0	18	17	18	6465	14:31:12
2_	5	2	1	1	1	1	4463	16:17:40
2_	5	2	1	2	2	2	2007	16:17:40
2_	5	2	0	3	7	3	1256	16:17:40
2_	5	2	0	4	9	4	2671	16:17:40
2_	5	2	0	5	12	5	4695	16:17:40
2_	5	2	0	6	4	6	3471	16:17:40
2_	5	2	0	7	3	7	2295	16:17:40
2_	5	2	1	8	8	8	5176	16:17:40
2_	5	2	0	9	10	9	4583	16:17:40
2_	5	2	0	10	5	10	7679	16:17:40
2_	5	2	0	11	17	11	4075	16:17:40
2_	5	2	0	12	6	12	2868	16:17:40
2_	5	2	1	13	13	13	3002	16:17:40
2_	5	2	1	14	14	14	1649	16:17:40
2_	5	2	1	15	15	15	2322	16:17:40
2_	5	2	1	16	16	16	1874	16:17:40
2_	5	2	0	17	11	17	5953	16:17:40
2_	5	2	0	18	12	18	11908	16:17:40
3_	11	2	0	1	3	1	3614	16:54:02
3_	11	2	1	2	2	2	2178	16:54:02
3_	11	2	0	3	16	3	2568	16:54:02
3_	11	2	0	4	5	4	3541	16:54:02
3_	11	2	0	5	8	5	3029	16:54:02
3_	11	2	0	6	13	6	2929	16:54:02
3_	11	2	1	7	7	7	1498	16:54:02
3_	11	2	1	8	8	8	2010	16:54:02
3_	11	2	0	9	1	9	4036	16:54:02
3_	11	2	0	10	8	10	4960	16:54:02
3_	11	2	1	11	11	11	6169	16:54:02
3_	11	2	0	12	18	12	1261	16:54:02
3_	11	2	0	13	18	13	948	16:54:02
3_	11	2	1	14	14	14	1862	16:54:02
3_	11	2	0	15	8	15	1895	16:54:02
3_	11	2	0	16	11	16	2115	16:54:02
3_	11	2	0	17	15	17	1993	16:54:02
3_	11	2	0	18	5	18	1049	16:54:02
3_	16	2	1	1	1	1	3486	12:49:43
3_	16	2	0	2	5	2	10027	12:49:43
3_	16	2	0	3	9	3	3054	12:49:43
3_	16	2	1	4	4	4	5076	12:49:43
3_	16	2	0	5	11	5	1707	12:49:43
3_	16	2	0	6	1	6	6281	12:49:43
3_	16	2	0	7	2	7	10492	12:49:43
3_	16	2	1	8	8	8	2436	12:49:43
3_	16	2	0	9	13	9	5007	12:49:43
3_	16	2	0	10	5	10	9929	12:49:43
3_	16	2	0	11	3	11	2638	12:49:43
3_	16	2	1	12	12	12	7300	12:49:43
3_	16	2	0	13	12	13	2621	12:49:43
3_	16	2	0	14	4	14	10036	12:49:43
3_	16	2	0	15	18	15	5360	12:49:43
3_	16	2	1	16	16	16	2897	12:49:43
3_	16	2	0	17	15	17	3097	12:49:43
3_	16	2	0	18	14	18	2193	12:49:43
3_	2	3	0	1	3	1	11807	11:13:05
3_	2	3	1	2	2	2	5377	11:13:05
3_	2	3	0	3	10	3	5918	11:13:05
3_	2	3	1	4	4	4	6050	11:13:05
3_	2	3	0	5	1	5	13117	11:13:05
3_	2	3	0	6	11	6	9229	11:13:05
3_	2	3	1	7	7	7	2397	11:13:05
3_	2	3	1	8	8	8	1962	11:13:05
3_	2	3	0	9	10	9	8820	11:13:05
3_	2	3	0	10	9	10	10043	11:13:05
3_	2	3	0	11	3	11	4698	11:13:05
3_	2	3	1	12	12	12	1731	11:13:05
3_	2	3	1	13	13	13	4103	11:13:05
3_	2	3	1	14	14	14	3517	11:13:05
3_	2	3	0	15	9	15	9412	11:13:05
3_	2	3	1	16	16	16	2568	11:13:05
3_	2	3	1	17	17	17	10289	11:13:05
3_	2	3	1	18	18	18	10744	11:13:05
3_	21	3	0	1	9	1	2133	13:48:21
3_	21	3	0	2	14	2	7225	13:48:21
3_	21	3	0	3	12	3	6458	13:48:21
3_	21	3	0	4	6	4	4124	13:48:21
3_	21	3	0	5	2	5	3745	13:48:21
3_	21	3	0	6	18	6	1714	13:48:21
3_	21	3	1	7	7	7	2907	13:48:21
3_	21	3	0	8	1	8	2103	13:48:21
3_	21	3	0	9	3	9	1192	13:48:21
3_	21	3	0	10	15	10	1989	13:48:21
3_	21	3	0	11	4	11	1880	13:48:21
3_	21	3	0	12	5	12	3416	13:48:21
3_	21	3	0	13	17	13	3683	13:48:21
3_	21	3	0	14	8	14	4061	13:48:21
3_	21	3	0	15	8	15	1751	13:48:21
3_	21	3	0	16	11	16	10577	13:48:21
3_	21	3	0	17	13	17	13861	13:48:21
3_	21	3	0	18	16	18	3832	13:48:21
3_	24	2	1	1	1	1	10361	14:21:41
3_	24	2	0	2	10	2	21164	14:21:41
3_	24	2	0	3	9	3	10698	14:21:41
3_	24	2	0	4	3	4	11874	14:21:41
3_	24	2	0	5	15	5	13848	14:21:41
3_	24	2	1	6	6	6	5336	14:21:41
3_	24	2	0	7	2	7	5576	14:21:41
3_	24	2	1	8	8	8	2167	14:21:41
3_	24	2	0	9	7	9	3610	14:21:41
3_	24	2	0	10	4	10	10710	14:21:41
3_	24	2	0	11	5	11	6928	14:21:41
3_	24	2	1	12	12	12	3270	14:21:41
3_	24	2	0	13	15	13	2356	14:21:41
3_	24	2	0	14	17	14	5194	14:21:41
3_	24	2	0	15	8	15	6836	14:21:41
3_	24	2	0	16	7	16	5527	14:21:41
3_	24	2	0	17	14	17	4506	14:21:41
3_	24	2	0	18	1	18	3663	14:21:41
3_	5	3	1	1	1	1	2574	16:25:41
3_	5	3	1	2	2	2	1804	16:25:41
3_	5	3	1	3	3	3	8378	16:25:41
3_	5	3	0	4	17	4	8206	16:25:41
3_	5	3	1	5	5	5	8727	16:25:41
3_	5	3	1	6	6	6	2466	16:25:41
3_	5	3	1	7	7	7	2538	16:25:41
3_	5	3	1	8	8	8	2155	16:25:41
3_	5	3	1	9	9	9	6114	16:25:41
3_	5	3	1	10	10	10	3226	16:25:41
3_	5	3	0	11	17	11	6961	16:25:41
3_	5	3	0	12	11	12	4930	16:25:41
3_	5	3	1	13	13	13	1702	16:25:41
3_	5	3	1	14	14	14	6052	16:25:41
3_	5	3	1	15	15	15	1380	16:25:41
3_	5	3	0	16	14	16	1122	16:25:41
3_	5	3	0	17	18	17	5433	16:25:41
3_	5	3	0	18	16	18	8556	16:25:41
4_	11	1	0	1	12	1	8518	16:45:04
4_	11	1	0	2	4	2	3606	16:45:04
4_	11	1	0	3	4	3	3578	16:45:04
4_	11	1	0	4	1	4	9959	16:45:04
4_	11	1	0	5	17	5	5385	16:45:04
4_	11	1	0	6	3	6	1979	16:45:04
4_	11	1	0	7	6	7	2512	16:45:04
4_	11	1	0	8	14	8	2113	16:45:04
4_	11	1	0	9	5	9	2362	16:45:04
4_	11	1	0	10	13	10	3339	16:45:04
4_	11	1	0	11	8	11	2996	16:45:04
4_	11	1	0	12	10	12	4589	16:45:04
4_	11	1	0	13	15	13	1522	16:45:04
4_	11	1	0	14	13	14	1049	16:45:04
4_	11	1	1	15	15	15	1250	16:45:04
4_	11	1	0	16	18	16	1180	16:45:04
4_	11	1	0	17	15	17	859	16:45:04
4_	11	1	0	18	5	18	769	16:45:04
4_	16	1	0	1	6	1	3377	12:40:00
4_	16	1	0	2	8	2	5415	12:40:00
4_	16	1	1	3	3	3	2201	12:40:00
4_	16	1	1	4	4	4	4383	12:40:00
4_	16	1	0	5	16	5	6730	12:40:00
4_	16	1	0	6	12	6	2958	12:40:00
4_	16	1	1	7	7	7	2070	12:40:00
4_	16	1	0	8	15	8	5836	12:40:00
4_	16	1	0	9	5	9	3664	12:40:00
4_	16	1	0	10	8	10	2991	12:40:00
4_	16	1	1	11	11	11	2050	12:40:00
4_	16	1	0	12	6	12	3399	12:40:00
4_	16	1	0	13	1	13	6391	12:40:00
4_	16	1	0	14	1	14	2515	12:40:00
4_	16	1	0	15	10	15	2969	12:40:00
4_	16	1	0	16	4	16	8051	12:40:00
4_	16	1	0	17	13	17	5267	12:40:00
4_	16	1	1	18	18	18	1995	12:40:00
4_	2	4	1	1	1	1	3760	11:22:00
4_	2	4	1	2	2	2	6587	11:22:00
4_	2	4	0	3	9	3	24627	11:22:00
4_	2	4	1	4	4	4	2906	11:22:00
4_	2	4	1	5	5	5	4118	11:22:00
4_	2	4	1	6	6	6	9294	11:22:00
4_	2	4	1	7	7	7	1509	11:22:00
4_	2	4	0	8	11	8	10022	11:22:00
4_	2	4	0	9	8	9	6873	11:22:00
4_	2	4	1	10	10	10	1849	11:22:00
4_	2	4	0	11	17	11	4768	11:22:00
4_	2	4	0	12	11	12	13233	11:22:00
4_	2	4	0	13	15	13	11149	11:22:00
4_	2	4	1	14	14	14	7768	11:22:00
4_	2	4	0	15	6	15	11691	11:22:00
4_	2	4	1	16	16	16	6036	11:22:00
4_	2	4	0	17	14	17	3007	11:22:00
4_	2	4	1	18	18	18	3825	11:22:00
4_	21	4	0	1	9	1	2329	13:56:42
4_	21	4	0	2	1	2	3484	13:56:42
4_	21	4	0	3	5	3	1848	13:56:42
4_	21	4	0	4	14	4	1080	13:56:42
4_	21	4	0	5	10	5	2982	13:56:42
4_	21	4	0	6	12	6	2140	13:56:42
4_	21	4	0	7	8	7	1941	13:56:42
4_	21	4	0	8	3	8	992	13:56:42
4_	21	4	0	9	4	9	3511	13:56:42
4_	21	4	0	10	16	10	2098	13:56:42
4_	21	4	1	11	11	11	2435	13:56:42
4_	21	4	0	12	15	12	1433	13:56:42
4_	21	4	0	13	17	13	2754	13:56:42
4_	21	4	0	14	16	14	6456	13:56:42
4_	21	4	0	15	1	15	3773	13:56:42
4_	21	4	0	16	13	16	5481	13:56:42
4_	21	4	0	17	10	17	5148	13:56:42
4_	21	4	0	18	14	18	1579	13:56:42
4_	24	1	1	1	1	1	5664	14:09:39
4_	24	1	1	2	2	2	3484	14:09:39
4_	24	1	0	3	12	3	11713	14:09:39
4_	24	1	0	4	7	4	4281	14:09:39
4_	24	1	0	5	14	5	6484	14:09:39
4_	24	1	1	6	6	6	2481	14:09:39
4_	24	1	0	7	16	7	7933	14:09:39
4_	24	1	0	8	9	8	3264	14:09:39
4_	24	1	0	9	18	9	3046	14:09:39
4_	24	1	0	10	13	10	7628	14:09:39
4_	24	1	0	11	14	11	7106	14:09:39
4_	24	1	0	12	3	12	3775	14:09:39
4_	24	1	0	13	16	13	6632	14:09:39
4_	24	1	0	14	4	14	15551	14:09:39
4_	24	1	1	15	15	15	2060	14:09:39
4_	24	1	0	16	10	16	8231	14:09:39
4_	24	1	0	17	3	17	2674	14:09:39
4_	24	1	0	18	5	18	5610	14:09:39
4_	5	4	0	1	16	1	5874	16:33:51
4_	5	4	0	2	1	2	7809	16:33:51
4_	5	4	0	3	12	3	9204	16:33:51
4_	5	4	0	4	11	4	7852	16:33:51
4_	5	4	0	5	3	5	3212	16:33:51
4_	5	4	1	6	6	6	2005	16:33:51
4_	5	4	1	7	7	7	1286	16:33:51
4_	5	4	1	8	8	8	2804	16:33:51
4_	5	4	1	9	9	9	2354	16:33:51
4_	5	4	1	10	10	10	3048	16:33:51
4_	5	4	0	11	4	11	2238	16:33:51
4_	5	4	0	12	14	12	6960	16:33:51
4_	5	4	0	13	2	13	2802	16:33:51
4_	5	4	0	14	5	14	2528	16:33:51
4_	5	4	1	15	15	15	1400	16:33:51
4_	5	4	0	16	17	16	9894	16:33:51
4_	5	4	0	17	18	17	5558	16:33:51
4_	5	4	1	18	18	18	1634	16:33:51
1_	17	4	1	1	1	1	3419	12:55:04
1_	17	4	1	2	2	2	1490	12:55:04
1_	17	4	1	3	3	3	2306	12:55:04
1_	17	4	1	4	4	4	4502	12:55:04
1_	17	4	1	5	5	5	1565	12:55:04
1_	17	4	1	6	6	6	1958	12:55:04
1_	17	4	1	7	7	7	1682	12:55:04
1_	17	4	1	8	8	8	2037	12:55:04
1_	17	4	0	9	16	9	2657	12:55:04
1_	17	4	1	10	10	10	920	12:55:04
1_	17	4	1	11	11	11	1061	12:55:04
1_	17	4	1	12	12	12	2512	12:55:04
1_	17	4	1	13	13	13	4220	12:55:04
1_	17	4	1	14	14	14	1499	12:55:04
1_	17	4	1	15	15	15	2395	12:55:04
1_	17	4	1	16	16	16	1978	12:55:04
1_	17	4	1	17	17	17	1441	12:55:04
1_	17	4	1	18	18	18	11102	12:55:04
1_	22	1	1	1	1	1	10306	13:13:34
1_	22	1	1	2	2	2	2139	13:13:34
1_	22	1	1	3	3	3	2150	13:13:34
1_	22	1	1	4	4	4	6036	13:13:34
1_	22	1	1	5	5	5	2814	13:13:34
1_	22	1	1	6	6	6	5041	13:13:34
1_	22	1	1	7	7	7	4608	13:13:34
1_	22	1	1	8	8	8	1850	13:13:34
1_	22	1	0	9	17	9	9394	13:13:34
1_	22	1	1	10	10	10	7279	13:13:34
1_	22	1	1	11	11	11	926	13:13:34
1_	22	1	1	12	12	12	5471	13:13:34
1_	22	1	0	13	14	13	7911	13:13:34
1_	22	1	0	14	9	14	3330	13:13:34
1_	22	1	1	15	15	15	11455	13:13:34
1_	22	1	0	16	13	16	10530	13:13:34
1_	22	1	1	17	17	17	12863	13:13:34
1_	22	1	1	18	18	18	3033	13:13:34
1_	25	4	0	1	16	1	10137	14:25:03
1_	25	4	0	2	16	2	3634	14:25:03
1_	25	4	0	3	16	3	3228	14:25:03
1_	25	4	1	4	4	4	2003	14:25:03
1_	25	4	0	5	14	5	7386	14:25:03
1_	25	4	1	6	6	6	2147	14:25:03
1_	25	4	1	7	7	7	1798	14:25:03
1_	25	4	1	8	8	8	3210	14:25:03
1_	25	4	1	9	9	9	2247	14:25:03
1_	25	4	0	10	18	10	11966	14:25:03
1_	25	4	1	11	11	11	2053	14:25:03
1_	25	4	1	12	12	12	9346	14:25:03
1_	25	4	1	13	13	13	1683	14:25:03
1_	25	4	0	14	5	14	8943	14:25:03
1_	25	4	0	15	18	15	6929	14:25:03
1_	25	4	0	16	3	16	6053	14:25:03
1_	25	4	1	17	17	17	3656	14:25:03
1_	25	4	0	18	2	18	13963	14:25:03
1_	4	1	1	1	1	1	7362	15:52:27
1_	4	1	1	2	2	2	2075	15:52:27
1_	4	1	1	3	3	3	1450	15:52:27
1_	4	1	1	4	4	4	1819	15:52:27
1_	4	1	1	5	5	5	1569	15:52:27
1_	4	1	0	6	3	6	1924	15:52:27
1_	4	1	1	7	7	7	1882	15:52:27
1_	4	1	1	8	8	8	2094	15:52:27
1_	4	1	1	9	9	9	9036	15:52:27
1_	4	1	1	10	10	10	4527	15:52:27
1_	4	1	1	11	11	11	3604	15:52:27
1_	4	1	1	12	12	12	4515	15:52:27
1_	4	1	1	13	13	13	7538	15:52:27
1_	4	1	1	14	14	14	1540	15:52:27
1_	4	1	1	15	15	15	1926	15:52:27
1_	4	1	1	16	16	16	3162	15:52:27
1_	4	1	1	17	17	17	3932	15:52:27
1_	4	1	1	18	18	18	1736	15:52:27
2_	17	3	1	1	1	1	1595	12:47:26
2_	17	3	1	2	2	2	1770	12:47:26
2_	17	3	1	3	3	3	2195	12:47:26
2_	17	3	1	4	4	4	1737	12:47:26
2_	17	3	1	5	5	5	1837	12:47:26
2_	17	3	1	6	6	6	1302	12:47:26
2_	17	3	1	7	7	7	1860	12:47:26
2_	17	3	1	8	8	8	3200	12:47:26
2_	17	3	1	9	9	9	2332	12:47:26
2_	17	3	1	10	10	10	3953	12:47:26
2_	17	3	1	11	11	11	1271	12:47:26
2_	17	3	0	12	18	12	4680	12:47:26
2_	17	3	0	13	12	13	3428	12:47:26
2_	17	3	1	14	14	14	1273	12:47:26
2_	17	3	1	15	15	15	1514	12:47:26
2_	17	3	1	16	16	16	1666	12:47:26
2_	17	3	1	17	17	17	1387	12:47:26
2_	17	3	1	18	18	18	9109	12:47:26
2_	22	2	1	1	1	1	4069	13:27:07
2_	22	2	1	2	2	2	4540	13:27:07
2_	22	2	1	3	3	3	1221	13:27:07
2_	22	2	1	4	4	4	2605	13:27:07
2_	22	2	1	5	5	5	1619	13:27:07
2_	22	2	1	6	6	6	2531	13:27:07
2_	22	2	1	7	7	7	2880	13:27:07
2_	22	2	1	8	8	8	1388	13:27:07
2_	22	2	1	9	9	9	2509	13:27:07
2_	22	2	0	10	15	10	6513	13:27:07
2_	22	2	1	11	11	11	2451	13:27:07
2_	22	2	0	12	17	12	4955	13:27:07
2_	22	2	1	13	13	13	3462	13:27:07
2_	22	2	1	14	14	14	1701	13:27:07
2_	22	2	1	15	15	15	3448	13:27:07
2_	22	2	0	16	12	16	4230	13:27:07
2_	22	2	0	17	18	17	8490	13:27:07
2_	22	2	0	18	10	18	4610	13:27:07
2_	25	3	1	1	1	1	18795	14:16:46
2_	25	3	1	2	2	2	2968	14:16:46
2_	25	3	0	3	17	3	17232	14:16:46
2_	25	3	0	4	6	4	3236	14:16:46
2_	25	3	0	5	6	5	1911	14:16:46
2_	25	3	0	6	5	6	10226	14:16:46
2_	25	3	0	7	17	7	8654	14:16:46
2_	25	3	1	8	8	8	1916	14:16:46
2_	25	3	1	9	9	9	1914	14:16:46
2_	25	3	1	10	10	10	4883	14:16:46
2_	25	3	1	11	11	11	4398	14:16:46
2_	25	3	0	12	13	12	7895	14:16:46
2_	25	3	0	13	12	13	1716	14:16:46
2_	25	3	0	14	16	14	10478	14:16:46
2_	25	3	1	15	15	15	1713	14:16:46
2_	25	3	1	16	16	16	2994	14:16:46
2_	25	3	0	17	4	17	11453	14:16:46
2_	25	3	0	18	17	18	4409	14:16:46
2_	3	2	1	1	1	1	2964	10:48:43
2_	3	2	0	2	18	2	4381	10:48:43
2_	3	2	1	3	3	3	1918	10:48:43
2_	3	2	0	4	10	4	2023	10:48:43
2_	3	2	1	5	5	5	2996	10:48:43
2_	3	2	0	6	2	6	5542	10:48:43
2_	3	2	1	7	7	7	1702	10:48:43
2_	3	2	0	8	2	8	3147	10:48:43
2_	3	2	0	9	8	9	2560	10:48:43
2_	3	2	0	10	9	10	3126	10:48:43
2_	3	2	0	11	16	11	3732	10:48:43
2_	3	2	0	12	11	12	3107	10:48:43
2_	3	2	0	13	17	13	1798	10:48:43
2_	3	2	0	14	16	14	11231	10:48:43
2_	3	2	0	15	8	15	1770	10:48:43
2_	3	2	0	16	6	16	1818	10:48:43
2_	3	2	0	17	15	17	5503	10:48:43
2_	3	2	0	18	13	18	6665	10:48:43
2_	4	2	1	1	1	1	1517	16:00:29
2_	4	2	0	2	3	2	8533	16:00:29
2_	4	2	0	3	9	3	3659	16:00:29
2_	4	2	0	4	17	4	5741	16:00:29
2_	4	2	0	5	10	5	6142	16:00:29
2_	4	2	0	6	4	6	5448	16:00:29
2_	4	2	0	7	3	7	2908	16:00:29
2_	4	2	1	8	8	8	1580	16:00:29
2_	4	2	0	9	4	9	8015	16:00:29
2_	4	2	1	10	10	10	1946	16:00:29
2_	4	2	1	11	11	11	3020	16:00:29
2_	4	2	0	12	18	12	5594	16:00:29
2_	4	2	1	13	13	13	2730	16:00:29
2_	4	2	1	14	14	14	1542	16:00:29
2_	4	2	1	15	15	15	1931	16:00:29
2_	4	2	1	16	16	16	1260	16:00:29
2_	4	2	0	17	2	17	5449	16:00:29
2_	4	2	0	18	2	18	4766	16:00:29
3_	17	2	1	1	1	1	2551	12:39:55
3_	17	2	1	2	2	2	4853	12:39:55
3_	17	2	0	3	10	3	2629	12:39:55
3_	17	2	0	4	7	4	2076	12:39:55
3_	17	2	1	5	5	5	5066	12:39:55
3_	17	2	1	6	6	6	1906	12:39:55
3_	17	2	1	7	7	7	1558	12:39:55
3_	17	2	1	8	8	8	4467	12:39:55
3_	17	2	0	9	3	9	1413	12:39:55
3_	17	2	0	10	9	10	7335	12:39:55
3_	17	2	0	11	9	11	3468	12:39:55
3_	17	2	0	12	3	12	1955	12:39:55
3_	17	2	0	13	5	13	3489	12:39:55
3_	17	2	0	14	11	14	8889	12:39:55
3_	17	2	0	15	8	15	4530	12:39:55
3_	17	2	1	16	16	16	2126	12:39:55
3_	17	2	1	17	17	17	1956	12:39:55
3_	17	2	0	18	1	18	6679	12:39:55
3_	22	3	1	1	1	1	6517	13:34:49
3_	22	3	1	2	2	2	3485	13:34:49
3_	22	3	0	3	5	3	4338	13:34:49
3_	22	3	0	4	6	4	831	13:34:49
3_	22	3	0	5	4	5	6154	13:34:49
3_	22	3	0	6	3	6	12552	13:34:49
3_	22	3	1	7	7	7	2003	13:34:49
3_	22	3	1	8	8	8	1427	13:34:49
3_	22	3	0	9	14	9	9490	13:34:49
3_	22	3	1	10	10	10	3363	13:34:49
3_	22	3	0	11	17	11	2544	13:34:49
3_	22	3	0	12	11	12	3938	13:34:49
3_	22	3	0	13	3	13	9341	13:34:49
3_	22	3	1	14	14	14	8805	13:34:49
3_	22	3	0	15	9	15	6003	13:34:49
3_	22	3	1	16	16	16	1787	13:34:49
3_	22	3	0	17	12	17	15644	13:34:49
3_	22	3	0	18	4	18	4865	13:34:49
3_	25	2	1	1	1	1	3471	14:08:07
3_	25	2	1	2	2	2	1934	14:08:07
3_	25	2	0	3	4	3	4979	14:08:07
3_	25	2	0	4	14	4	8400	14:08:07
3_	25	2	1	5	5	5	2663	14:08:07
3_	25	2	0	6	17	6	9659	14:08:07
3_	25	2	0	7	10	7	6509	14:08:07
3_	25	2	0	8	11	8	6761	14:08:07
3_	25	2	0	9	3	9	10842	14:08:07
3_	25	2	0	10	12	10	9993	14:08:07
3_	25	2	0	11	3	11	7891	14:08:07
3_	25	2	0	12	3	12	11748	14:08:07
3_	25	2	0	13	6	13	7864	14:08:07
3_	25	2	0	14	17	14	7930	14:08:07
3_	25	2	1	15	15	15	2355	14:08:07
3_	25	2	1	16	16	16	2982	14:08:07
3_	25	2	0	17	8	17	7876	14:08:07
3_	25	2	1	18	18	18	3251	14:08:07
3_	4	3	1	1	1	1	1933	16:08:22
3_	4	3	1	2	2	2	1715	16:08:22
3_	4	3	1	3	3	3	2187	16:08:22
3_	4	3	1	4	4	4	9973	16:08:22
3_	4	3	1	5	5	5	6394	16:08:22
3_	4	3	1	6	6	6	1529	16:08:22
3_	4	3	1	7	7	7	2273	16:08:22
3_	4	3	1	8	8	8	1989	16:08:22
3_	4	3	1	9	9	9	1968	16:08:22
3_	4	3	1	10	10	10	1596	16:08:22
3_	4	3	1	11	11	11	910	16:08:22
3_	4	3	1	12	12	12	1208	16:08:22
3_	4	3	1	13	13	13	2114	16:08:22
3_	4	3	1	14	14	14	1699	16:08:22
3_	4	3	1	15	15	15	7915	16:08:22
3_	4	3	1	16	16	16	1371	16:08:22
3_	4	3	1	17	17	17	3010	16:08:22
3_	4	3	1	18	18	18	1292	16:08:22
4_	17	1	1	1	1	1	5763	12:27:26
4_	17	1	0	2	10	2	5046	12:27:26
4_	17	1	1	3	3	3	1996	12:27:26
4_	17	1	0	4	16	4	5523	12:27:26
4_	17	1	1	5	5	5	1635	12:27:26
4_	17	1	0	6	17	6	8391	12:27:26
4_	17	1	1	7	7	7	2409	12:27:26
4_	17	1	0	8	4	8	2884	12:27:26
4_	17	1	1	9	9	9	1671	12:27:26
4_	17	1	0	10	15	10	5609	12:27:26
4_	17	1	0	11	2	11	3787	12:27:26
4_	17	1	1	12	12	12	1980	12:27:26
4_	17	1	0	13	14	13	3218	12:27:26
4_	17	1	1	14	14	14	3956	12:27:26
4_	17	1	1	15	15	15	1531	12:27:26
4_	17	1	0	16	13	16	3470	12:27:26
4_	17	1	0	17	6	17	4846	12:27:26
4_	17	1	1	18	18	18	2693	12:27:26
4_	22	4	1	1	1	1	15912	13:43:05
4_	22	4	1	2	2	2	2008	13:43:05
4_	22	4	1	3	3	3	2059	13:43:05
4_	22	4	1	4	4	4	3359	13:43:05
4_	22	4	1	5	5	5	6161	13:43:05
4_	22	4	1	6	6	6	1866	13:43:05
4_	22	4	1	7	7	7	1498	13:43:05
4_	22	4	1	8	8	8	8113	13:43:05
4_	22	4	0	9	17	9	9115	13:43:05
4_	22	4	1	10	10	10	1779	13:43:05
4_	22	4	1	11	11	11	1201	13:43:05
4_	22	4	1	12	12	12	3088	13:43:05
4_	22	4	1	13	13	13	1891	13:43:05
4_	22	4	1	14	14	14	4163	13:43:05
4_	22	4	1	15	15	15	10350	13:43:05
4_	22	4	1	16	16	16	4723	13:43:05
4_	22	4	0	17	14	17	13011	13:43:05
4_	22	4	1	18	18	18	5796	13:43:05
4_	25	1	0	1	5	1	15322	13:55:53
4_	25	1	0	2	13	2	2025	13:55:53
4_	25	1	1	3	3	3	3111	13:55:53
4_	25	1	0	4	18	4	3229	13:55:53
4_	25	1	0	5	16	5	7945	13:55:53
4_	25	1	0	6	12	6	9201	13:55:53
4_	25	1	1	7	7	7	1574	13:55:53
4_	25	1	1	8	8	8	3748	13:55:53
4_	25	1	1	9	9	9	5905	13:55:53
4_	25	1	0	10	5	10	13006	13:55:53
4_	25	1	0	11	4	11	2392	13:55:53
4_	25	1	0	12	1	12	10601	13:55:53
4_	25	1	0	13	14	13	8463	13:55:53
4_	25	1	0	14	1	14	10459	13:55:53
4_	25	1	0	15	11	15	17333	13:55:53
4_	25	1	0	16	1	16	4929	13:55:53
4_	25	1	0	17	10	17	7776	13:55:53
4_	25	1	1	18	18	18	2133	13:55:53
4_	4	4	1	1	1	1	2101	16:15:40
4_	4	4	1	2	2	2	9641	16:15:40
4_	4	4	1	3	3	3	1428	16:15:40
4_	4	4	1	4	4	4	1691	16:15:40
4_	4	4	1	5	5	5	1451	16:15:40
4_	4	4	1	6	6	6	1323	16:15:40
4_	4	4	1	7	7	7	1515	16:15:40
4_	4	4	1	8	8	8	6869	16:15:40
4_	4	4	1	9	9	9	1395	16:15:40
4_	4	4	1	10	10	10	1761	16:15:40
4_	4	4	1	11	11	11	1180	16:15:40
4_	4	4	1	12	12	12	1353	16:15:40
4_	4	4	1	13	13	13	1312	16:15:40
4_	4	4	1	14	14	14	2111	16:15:40
4_	4	4	1	15	15	15	1193	16:15:40
4_	4	4	1	16	16	16	6267	16:15:40
4_	4	4	1	17	17	17	2674	16:15:40
4_	4	4	1	18	18	18	1766	16:15:40
1_	30	2	0	1	15	1	9779	14:27:28
1_	30	2	0	2	18	2	14568	14:27:28
1_	30	2	0	3	14	3	11738	14:27:28
1_	30	2	0	4	5	4	6826	14:27:28
1_	30	2	0	5	7	5	9871	14:27:28
1_	30	2	0	6	13	6	3192	14:27:28
1_	30	2	0	7	17	7	9322	14:27:28
1_	30	2	0	8	11	8	2411	14:27:28
1_	30	2	0	9	16	9	2358	14:27:28
1_	30	2	0	10	12	10	1786	14:27:28
1_	30	2	0	11	4	11	1565	14:27:28
1_	30	2	0	12	2	12	2638	14:27:28
1_	30	2	0	13	3	13	2930	14:27:28
1_	30	2	0	14	9	14	8014	14:27:28
1_	30	2	0	15	6	15	1489	14:27:28
1_	30	2	1	16	16	16	17265	14:27:28
1_	30	2	0	17	8	17	8045	14:27:28
1_	30	2	0	18	14	18	5555	14:27:28
1_	35	2	1	1	1	1	1943	15:39:59
1_	35	2	1	2	2	2	4641	15:39:59
1_	35	2	1	3	3	3	7961	15:39:59
1_	35	2	1	4	4	4	3896	15:39:59
1_	35	2	1	5	5	5	7419	15:39:59
1_	35	2	1	6	6	6	2247	15:39:59
1_	35	2	1	7	7	7	2863	15:39:59
1_	35	2	0	8	18	8	6204	15:39:59
1_	35	2	0	9	13	9	12929	15:39:59
1_	35	2	0	10	13	10	6172	15:39:59
1_	35	2	1	11	11	11	7116	15:39:59
1_	35	2	1	12	12	12	2323	15:39:59
1_	35	2	1	13	13	13	16259	15:39:59
1_	35	2	1	14	14	14	2463	15:39:59
1_	35	2	0	15	10	15	23410	15:39:59
1_	35	2	1	16	16	16	11405	15:39:59
1_	35	2	0	17	16	17	9665	15:39:59
1_	35	2	0	18	8	18	8469	15:39:59
2_	30	1	1	1	1	1	16448	14:12:24
2_	30	1	1	2	2	2	4835	14:12:24
2_	30	1	1	3	3	3	1487	14:12:24
2_	30	1	0	4	5	4	9321	14:12:24
2_	30	1	0	5	9	5	11218	14:12:24
2_	30	1	0	6	16	6	2672	14:12:24
2_	30	1	0	7	8	7	9263	14:12:24
2_	30	1	0	8	7	8	1644	14:12:24
2_	30	1	0	9	11	9	3489	14:12:24
2_	30	1	1	10	10	10	2234	14:12:24
2_	30	1	0	11	5	11	3374	14:12:24
2_	30	1	0	12	14	12	2411	14:12:24
2_	30	1	0	13	18	13	13774	14:12:24
2_	30	1	0	14	18	14	3659	14:12:24
2_	30	1	1	15	15	15	1416	14:12:24
2_	30	1	0	16	12	16	2249	14:12:24
2_	30	1	0	17	4	17	4377	14:12:24
2_	30	1	0	18	13	18	7933	14:12:24
2_	35	1	0	1	11	1	9253	14:52:03
2_	35	1	1	2	2	2	3876	14:52:03
2_	35	1	1	3	3	3	2691	14:52:03
2_	35	1	0	4	18	4	6579	14:52:03
2_	35	1	0	5	6	5	1562	14:52:03
2_	35	1	0	6	1	6	4779	14:52:03
2_	35	1	1	7	7	7	1705	14:52:03
2_	35	1	1	8	8	8	1541	14:52:03
2_	35	1	0	9	1	9	7154	14:52:03
2_	35	1	1	10	10	10	3723	14:52:03
2_	35	1	0	11	17	11	3876	14:52:03
2_	35	1	0	12	16	12	4936	14:52:03
2_	35	1	0	13	12	13	1957	14:52:03
2_	35	1	0	14	12	14	11927	14:52:03
2_	35	1	1	15	15	15	1883	14:52:03
2_	35	1	0	16	17	16	2296	14:52:03
2_	35	1	0	17	5	17	2744	14:52:03
2_	35	1	0	18	11	18	7119	14:52:03
3_	30	4	0	1	9	1	8935	14:43:50
3_	30	4	0	2	10	2	3503	14:43:50
3_	30	4	0	3	5	3	7842	14:43:50
3_	30	4	0	4	10	4	4009	14:43:50
3_	30	4	0	5	4	5	3701	14:43:50
3_	30	4	0	6	13	6	3477	14:43:50
3_	30	4	0	7	8	7	4184	14:43:50
3_	30	4	0	8	7	8	1969	14:43:50
3_	30	4	0	9	17	9	4635	14:43:50
3_	30	4	0	10	3	10	4253	14:43:50
3_	30	4	0	11	16	11	4474	14:43:50
3_	30	4	1	12	12	12	1864	14:43:50
3_	30	4	0	13	2	13	1240	14:43:50
3_	30	4	0	14	11	14	4405	14:43:50
3_	30	4	0	15	1	15	3622	14:43:50
3_	30	4	0	16	18	16	2423	14:43:50
3_	30	4	0	17	14	17	1437	14:43:50
3_	30	4	0	18	2	18	6296	14:43:50
3_	35	4	0	1	10	1	2417	15:58:47
3_	35	4	0	2	3	2	3364	15:58:47
3_	35	4	0	3	11	3	1629	15:58:47
3_	35	4	0	4	9	4	1877	15:58:47
3_	35	4	0	5	6	5	2353	15:58:47
3_	35	4	0	6	1	6	3775	15:58:47
3_	35	4	1	7	7	7	2316	15:58:47
3_	35	4	0	8	16	8	3196	15:58:47
3_	35	4	1	9	9	9	1851	15:58:47
3_	35	4	0	10	15	10	2379	15:58:47
3_	35	4	0	11	4	11	1585	15:58:47
3_	35	4	0	12	2	12	3459	15:58:47
3_	35	4	0	13	11	13	2261	15:58:47
3_	35	4	0	14	12	14	3537	15:58:47
3_	35	4	0	15	13	15	3962	15:58:47
3_	35	4	0	16	5	16	2924	15:58:47
3_	35	4	0	17	18	17	4177	15:58:47
3_	35	4	0	18	14	18	2110	15:58:47
4_	30	3	1	1	1	1	6683	14:36:00
4_	30	3	0	2	14	2	3214	14:36:00
4_	30	3	0	3	16	3	2624	14:36:00
4_	30	3	0	4	5	4	3544	14:36:00
4_	30	3	0	5	3	5	2359	14:36:00
4_	30	3	0	6	18	6	5504	14:36:00
4_	30	3	1	7	7	7	1278	14:36:00
4_	30	3	0	8	4	8	3330	14:36:00
4_	30	3	0	9	2	9	4323	14:36:00
4_	30	3	0	10	17	10	2192	14:36:00
4_	30	3	0	11	2	11	8579	14:36:00
4_	30	3	0	12	15	12	3904	14:36:00
4_	30	3	0	13	10	13	3148	14:36:00
4_	30	3	0	14	12	14	8665	14:36:00
4_	30	3	0	15	6	15	1935	14:36:00
4_	30	3	0	16	11	16	5225	14:36:00
4_	30	3	0	17	8	17	8248	14:36:00
4_	30	3	0	18	1	18	4736	14:36:00
4_	35	3	1	1	1	1	8030	15:49:53
4_	35	3	0	2	15	2	8550	15:49:53
4_	35	3	1	3	3	3	3525	15:49:53
4_	35	3	0	4	6	4	2801	15:49:53
4_	35	3	0	5	2	5	3415	15:49:53
4_	35	3	0	6	15	6	7443	15:49:53
4_	35	3	1	7	7	7	2098	15:49:53
4_	35	3	1	8	8	8	2705	15:49:53
4_	35	3	0	9	2	9	8952	15:49:53
4_	35	3	0	10	17	10	2716	15:49:53
4_	35	3	1	11	11	11	2140	15:49:53
4_	35	3	1	12	12	12	2253	15:49:53
4_	35	3	1	13	13	13	2842	15:49:53
4_	35	3	0	14	9	14	3791	15:49:53
4_	35	3	0	15	16	15	4154	15:49:53
4_	35	3	0	16	14	16	7353	15:49:53
4_	35	3	0	17	16	17	6413	15:49:53
4_	35	3	1	18	18	18	7638	15:49:53
1_	31	2	1	1	1	1	2778	14:12:42
1_	31	2	1	2	2	2	9843	14:12:42
1_	31	2	1	3	3	3	1535	14:12:42
1_	31	2	1	4	4	4	1703	14:12:42
1_	31	2	0	5	14	5	3778	14:12:42
1_	31	2	1	6	6	6	2220	14:12:42
1_	31	2	1	7	7	7	5568	14:12:42
1_	31	2	1	8	8	8	1707	14:12:42
1_	31	2	1	9	9	9	5822	14:12:42
1_	31	2	1	10	10	10	8239	14:12:42
1_	31	2	1	11	11	11	1201	14:12:42
1_	31	2	1	12	12	12	3021	14:12:42
1_	31	2	1	13	13	13	11550	14:12:42
1_	31	2	0	14	5	14	9491	14:12:42
1_	31	2	1	15	15	15	2490	14:12:42
1_	31	2	1	16	16	16	1620	14:12:42
1_	31	2	1	17	17	17	2764	14:12:42
1_	31	2	1	18	18	18	21678	14:12:42
1_	36	2	1	1	1	1	1980	15:43:12
1_	36	2	0	2	18	2	6668	15:43:12
1_	36	2	0	3	6	3	2176	15:43:12
1_	36	2	1	4	4	4	1528	15:43:12
1_	36	2	1	5	5	5	5990	15:43:12
1_	36	2	1	6	6	6	3512	15:43:12
1_	36	2	0	7	5	7	7596	15:43:12
1_	36	2	1	8	8	8	1507	15:43:12
1_	36	2	1	9	9	9	2079	15:43:12
1_	36	2	0	10	2	10	2790	15:43:12
1_	36	2	1	11	11	11	1621	15:43:12
1_	36	2	1	12	12	12	7947	15:43:12
1_	36	2	0	13	3	13	5225	15:43:12
1_	36	2	1	14	14	14	2544	15:43:12
1_	36	2	1	15	15	15	14250	15:43:12
1_	36	2	1	16	16	16	2305	15:43:12
1_	36	2	1	17	17	17	1373	15:43:12
1_	36	2	0	18	7	18	9843	15:43:12
2_	31	1	1	1	1	1	7401	13:58:20
2_	31	1	1	2	2	2	4991	13:58:20
2_	31	1	1	3	3	3	2177	13:58:20
2_	31	1	0	4	9	4	5239	13:58:20
2_	31	1	0	5	12	5	10345	13:58:20
2_	31	1	1	6	6	6	4403	13:58:20
2_	31	1	1	7	7	7	1682	13:58:20
2_	31	1	1	8	8	8	3357	13:58:20
2_	31	1	0	9	15	9	28634	13:58:20
2_	31	1	0	10	17	10	11254	13:58:20
2_	31	1	0	11	10	11	2831	13:58:20
2_	31	1	1	12	12	12	5667	13:58:20
2_	31	1	0	13	14	13	5098	13:58:20
2_	31	1	0	14	5	14	10922	13:58:20
2_	31	1	1	15	15	15	8987	13:58:20
2_	31	1	1	16	16	16	2056	13:58:20
2_	31	1	0	17	4	17	8248	13:58:20
2_	31	1	0	18	12	18	8952	13:58:20
2_	36	1	1	1	1	1	1415	14:37:52
2_	36	1	0	2	7	2	5803	14:37:52
2_	36	1	1	3	3	3	1896	14:37:52
2_	36	1	1	4	4	4	9857	14:37:52
2_	36	1	0	5	9	5	1845	14:37:52
2_	36	1	1	6	6	6	2532	14:37:52
2_	36	1	1	7	7	7	2160	14:37:52
2_	36	1	1	8	8	8	4307	14:37:52
2_	36	1	0	9	5	9	4536	14:37:52
2_	36	1	1	10	10	10	4000	14:37:52
2_	36	1	1	11	11	11	3575	14:37:52
2_	36	1	1	12	12	12	6139	14:37:52
2_	36	1	0	13	18	13	6990	14:37:52
2_	36	1	1	14	14	14	1936	14:37:52
2_	36	1	0	15	13	15	8881	14:37:52
2_	36	1	0	16	15	16	5574	14:37:52
2_	36	1	1	17	17	17	1522	14:37:52
2_	36	1	0	18	15	18	14805	14:37:52
3_	31	4	1	1	1	1	7822	14:29:01
3_	31	4	1	2	2	2	12253	14:29:01
3_	31	4	0	3	14	3	5620	14:29:01
3_	31	4	0	4	3	4	10627	14:29:01
3_	31	4	1	5	5	5	1192	14:29:01
3_	31	4	1	6	6	6	12865	14:29:01
3_	31	4	1	7	7	7	11946	14:29:01
3_	31	4	1	8	8	8	3267	14:29:01
3_	31	4	0	9	4	9	12170	14:29:01
3_	31	4	0	10	9	10	14145	14:29:01
3_	31	4	1	11	11	11	5053	14:29:01
3_	31	4	1	12	12	12	1961	14:29:01
3_	31	4	0	13	15	13	21330	14:29:01
3_	31	4	1	14	14	14	3094	14:29:01
3_	31	4	1	15	15	15	2150	14:29:01
3_	31	4	1	16	16	16	1595	14:29:01
3_	31	4	1	17	17	17	4442	14:29:01
3_	31	4	1	18	18	18	1866	14:29:01
3_	36	4	0	1	4	1	2195	15:57:54
3_	36	4	0	2	9	2	2801	15:57:54
3_	36	4	1	3	3	3	5472	15:57:54
3_	36	4	0	4	13	4	8004	15:57:54
3_	36	4	0	5	11	5	3853	15:57:54
3_	36	4	1	6	6	6	1989	15:57:54
3_	36	4	1	7	7	7	995	15:57:54
3_	36	4	0	8	15	8	5022	15:57:54
3_	36	4	0	9	1	9	5078	15:57:54
3_	36	4	1	10	10	10	1377	15:57:54
3_	36	4	0	11	8	11	4871	15:57:54
3_	36	4	0	12	14	12	5190	15:57:54
3_	36	4	0	13	17	13	2576	15:57:54
3_	36	4	0	14	2	14	4014	15:57:54
3_	36	4	0	15	8	15	4785	15:57:54
3_	36	4	1	16	16	16	5395	15:57:54
3_	36	4	1	17	17	17	2504	15:57:54
3_	36	4	0	18	5	18	2966	15:57:54
4_	31	3	1	1	1	1	3952	14:20:40
4_	31	3	1	2	2	2	5389	14:20:40
4_	31	3	0	3	13	3	20166	14:20:40
4_	31	3	1	4	4	4	3648	14:20:40
4_	31	3	1	5	5	5	2492	14:20:40
4_	31	3	1	6	6	6	1991	14:20:40
4_	31	3	1	7	7	7	2466	14:20:40
4_	31	3	1	8	8	8	7938	14:20:40
4_	31	3	1	9	9	9	2460	14:20:40
4_	31	3	1	10	10	10	2166	14:20:40
4_	31	3	1	11	11	11	4697	14:20:40
4_	31	3	1	12	12	12	2666	14:20:40
4_	31	3	1	13	13	13	19744	14:20:40
4_	31	3	1	14	14	14	1849	14:20:40
4_	31	3	1	15	15	15	2001	14:20:40
4_	31	3	0	16	17	16	18870	14:20:40
4_	31	3	0	17	16	17	12606	14:20:40
4_	31	3	1	18	18	18	2011	14:20:40
4_	36	3	1	1	1	1	1809	15:50:59
4_	36	3	1	2	2	2	2475	15:50:59
4_	36	3	1	3	3	3	3659	15:50:59
4_	36	3	1	4	4	4	3438	15:50:59
4_	36	3	1	5	5	5	5826	15:50:59
4_	36	3	1	6	6	6	1472	15:50:59
4_	36	3	1	7	7	7	1664	15:50:59
4_	36	3	1	8	8	8	2376	15:50:59
4_	36	3	1	9	9	9	4695	15:50:59
4_	36	3	0	10	13	10	2039	15:50:59
4_	36	3	1	11	11	11	3282	15:50:59
4_	36	3	1	12	12	12	5090	15:50:59
4_	36	3	1	13	13	13	1711	15:50:59
4_	36	3	1	14	14	14	1203	15:50:59
4_	36	3	1	15	15	15	1248	15:50:59
4_	36	3	1	16	16	16	1473	15:50:59
4_	36	3	1	17	17	17	3024	15:50:59
4_	36	3	1	18	18	18	1247	15:50:59
1_	29	2	1	1	1	1	4969	14:18:06
1_	29	2	1	2	2	2	2187	14:18:06
1_	29	2	1	3	3	3	2944	14:18:06
1_	29	2	1	4	4	4	2344	14:18:06
1_	29	2	1	5	5	5	3616	14:18:06
1_	29	2	1	6	6	6	2410	14:18:06
1_	29	2	0	7	13	7	5600	14:18:06
1_	29	2	0	8	7	8	2012	14:18:06
1_	29	2	1	9	9	9	1744	14:18:06
1_	29	2	1	10	10	10	5457	14:18:06
1_	29	2	1	11	11	11	1602	14:18:06
1_	29	2	1	12	12	12	2128	14:18:06
1_	29	2	0	13	15	13	3744	14:18:06
1_	29	2	0	14	15	14	1960	14:18:06
1_	29	2	0	15	8	15	3224	14:18:06
1_	29	2	1	16	16	16	3071	14:18:06
1_	29	2	1	17	17	17	1127	14:18:06
1_	29	2	0	18	16	18	3004	14:18:06
1_	34	2	0	1	4	1	6773	14:52:12
1_	34	2	0	2	13	2	2153	14:52:12
1_	34	2	1	3	3	3	1574	14:52:12
1_	34	2	0	4	14	4	3621	14:52:12
1_	34	2	0	5	12	5	2756	14:52:12
1_	34	2	0	6	16	6	2105	14:52:12
1_	34	2	1	7	7	7	1767	14:52:12
1_	34	2	1	8	8	8	3025	14:52:12
1_	34	2	0	9	14	9	2430	14:52:12
1_	34	2	1	10	10	10	1410	14:52:12
1_	34	2	0	11	9	11	1981	14:52:12
1_	34	2	0	12	1	12	4050	14:52:12
1_	34	2	0	13	2	13	2763	14:52:12
1_	34	2	0	14	5	14	4195	14:52:12
1_	34	2	0	15	11	15	2732	14:52:12
1_	34	2	0	16	6	16	9128	14:52:12
1_	34	2	1	17	17	17	2612	14:52:12
1_	34	2	0	18	15	18	1552	14:52:12
2_	29	1	0	1	9	1	8663	14:03:07
2_	29	1	0	2	7	2	4811	14:03:07
2_	29	1	0	3	17	3	2701	14:03:07
2_	29	1	0	4	11	4	5643	14:03:07
2_	29	1	0	5	8	5	3600	14:03:07
2_	29	1	0	6	5	6	7200	14:03:07
2_	29	1	0	7	14	7	1653	14:03:07
2_	29	1	0	8	13	8	2517	14:03:07
2_	29	1	0	9	3	9	1614	14:03:07
2_	29	1	0	10	9	10	1020	14:03:07
2_	29	1	0	11	7	11	1336	14:03:07
2_	29	1	0	12	5	12	1031	14:03:07
2_	29	1	0	13	16	13	849	14:03:07
2_	29	1	1	14	14	14	535	14:03:07
2_	29	1	1	15	15	15	773	14:03:07
2_	29	1	0	16	13	16	1771	14:03:07
2_	29	1	0	17	12	17	1030	14:03:07
2_	29	1	0	18	6	18	931	14:03:07
2_	34	1	1	1	1	1	2137	14:40:30
2_	34	1	0	2	5	2	6097	14:40:30
2_	34	1	1	3	3	3	1354	14:40:30
2_	34	1	0	4	5	4	4376	14:40:30
2_	34	1	0	5	9	5	1958	14:40:30
2_	34	1	0	6	14	6	1178	14:40:30
2_	34	1	1	7	7	7	998	14:40:30
2_	34	1	1	8	8	8	1311	14:40:30
2_	34	1	0	9	12	9	2813	14:40:30
2_	34	1	0	10	1	10	1687	14:40:30
2_	34	1	0	11	17	11	3864	14:40:30
2_	34	1	0	12	15	12	1675	14:40:30
2_	34	1	1	13	13	13	1722	14:40:30
2_	34	1	0	14	10	14	1195	14:40:30
2_	34	1	0	15	17	15	1665	14:40:30
2_	34	1	0	16	11	16	2201	14:40:30
2_	34	1	1	17	17	17	1104	14:40:30
2_	34	1	0	18	14	18	2019	14:40:30
3_	29	4	1	1	1	1	2420	14:33:02
3_	29	4	0	2	11	2	1787	14:33:02
3_	29	4	0	3	2	3	1285	14:33:02
3_	29	4	0	4	15	4	1127	14:33:02
3_	29	4	0	5	16	5	1281	14:33:02
3_	29	4	0	6	2	6	936	14:33:02
3_	29	4	1	7	7	7	1058	14:33:02
3_	29	4	0	8	12	8	2259	14:33:02
3_	29	4	0	9	6	9	1536	14:33:02
3_	29	4	1	10	10	10	1906	14:33:02
3_	29	4	0	11	15	11	3070	14:33:02
3_	29	4	0	12	4	12	3238	14:33:02
3_	29	4	0	13	3	13	1379	14:33:02
3_	29	4	0	14	17	14	1431	14:33:02
3_	29	4	0	15	17	15	4049	14:33:02
3_	29	4	0	16	8	16	5330	14:33:02
3_	29	4	0	17	4	17	3421	14:33:02
3_	29	4	0	18	9	18	1552	14:33:02
3_	34	4	0	1	14	1	1547	15:08:44
3_	34	4	0	2	12	2	1865	15:08:44
3_	34	4	0	3	15	3	3309	15:08:44
3_	34	4	0	4	3	4	1457	15:08:44
3_	34	4	0	5	10	5	1674	15:08:44
3_	34	4	0	6	5	6	1582	15:08:44
3_	34	4	1	7	7	7	1017	15:08:44
3_	34	4	0	8	6	8	1138	15:08:44
3_	34	4	0	9	2	9	921	15:08:44
3_	34	4	0	10	5	10	1083	15:08:44
3_	34	4	0	11	1	11	1206	15:08:44
3_	34	4	0	12	13	12	782	15:08:44
3_	34	4	0	13	4	13	1425	15:08:44
3_	34	4	0	14	18	14	875	15:08:44
3_	34	4	0	15	11	15	2767	15:08:44
3_	34	4	1	16	16	16	1071	15:08:44
3_	34	4	0	17	9	17	1456	15:08:44
3_	34	4	0	18	2	18	1837	15:08:44
4_	29	3	0	1	14	1	3741	14:25:47
4_	29	3	0	2	10	2	2629	14:25:47
4_	29	3	1	3	3	3	2609	14:25:47
4_	29	3	0	4	16	4	2172	14:25:47
4_	29	3	0	5	6	5	2032	14:25:47
4_	29	3	0	6	15	6	2405	14:25:47
4_	29	3	0	7	8	7	2436	14:25:47
4_	29	3	0	8	14	8	3782	14:25:47
4_	29	3	0	9	1	9	2501	14:25:47
4_	29	3	0	10	2	10	1921	14:25:47
4_	29	3	0	11	14	11	1755	14:25:47
4_	29	3	1	12	12	12	1903	14:25:47
4_	29	3	0	13	2	13	1309	14:25:47
4_	29	3	0	14	8	14	4032	14:25:47
4_	29	3	0	15	6	15	1637	14:25:47
4_	29	3	0	16	2	16	2935	14:25:47
4_	29	3	0	17	15	17	900	14:25:47
4_	29	3	1	18	18	18	5512	14:25:47
4_	34	3	0	1	3	1	3001	15:01:06
4_	34	3	1	2	2	2	2640	15:01:06
4_	34	3	0	3	7	3	1193	15:01:06
4_	34	3	1	4	4	4	1468	15:01:06
4_	34	3	0	5	1	5	4595	15:01:06
4_	34	3	0	6	18	6	1531	15:01:06
4_	34	3	0	7	9	7	2442	15:01:06
4_	34	3	1	8	8	8	1966	15:01:06
4_	34	3	0	9	17	9	1985	15:01:06
4_	34	3	0	10	17	10	1075	15:01:06
4_	34	3	0	11	13	11	1930	15:01:06
4_	34	3	0	12	18	12	1263	15:01:06
4_	34	3	0	13	16	13	1939	15:01:06
4_	34	3	0	14	15	14	1693	15:01:06
4_	34	3	0	15	5	15	1381	15:01:06
4_	34	3	0	16	12	16	3523	15:01:06
4_	34	3	0	17	2	17	2212	15:01:06
4_	34	3	0	18	16	18	3158	15:01:06
1_	27	2	0	1	7	1	8606	14:36:40
1_	27	2	0	2	18	2	2737	14:36:40
1_	27	2	1	3	3	3	1717	14:36:40
1_	27	2	0	4	15	4	2374	14:36:40
1_	27	2	0	5	1	5	2438	14:36:40
1_	27	2	0	6	10	6	4375	14:36:40
1_	27	2	0	7	5	7	2301	14:36:40
1_	27	2	0	8	4	8	2347	14:36:40
1_	27	2	0	9	14	9	1692	14:36:40
1_	27	2	0	10	2	10	2788	14:36:40
1_	27	2	1	11	11	11	1927	14:36:40
1_	27	2	0	12	2	12	1774	14:36:40
1_	27	2	1	13	13	13	947	14:36:40
1_	27	2	0	14	12	14	1744	14:36:40
1_	27	2	0	15	6	15	2233	14:36:40
1_	27	2	0	16	18	16	2279	14:36:40
1_	27	2	0	17	14	17	1888	14:36:40
1_	27	2	0	18	1	18	4093	14:36:40
1_	32	2	1	1	1	1	5898	15:10:08
1_	32	2	0	2	10	2	6367	15:10:08
1_	32	2	1	3	3	3	2546	15:10:08
1_	32	2	0	4	7	4	8153	15:10:08
1_	32	2	0	5	2	5	12232	15:10:08
1_	32	2	0	6	5	6	8483	15:10:08
1_	32	2	1	7	7	7	2991	15:10:08
1_	32	2	1	8	8	8	3792	15:10:08
1_	32	2	1	9	9	9	7218	15:10:08
1_	32	2	0	10	17	10	2405	15:10:08
1_	32	2	1	11	11	11	2335	15:10:08
1_	32	2	0	12	4	12	5660	15:10:08
1_	32	2	1	13	13	13	1463	15:10:08
1_	32	2	1	14	14	14	3243	15:10:08
1_	32	2	1	15	15	15	3453	15:10:08
1_	32	2	1	16	16	16	1614	15:10:08
1_	32	2	0	17	12	17	8686	15:10:08
1_	32	2	1	18	18	18	3518	15:10:08
1_	38	2	1	1	1	1	2704	16:14:25
1_	38	2	1	2	2	2	3004	16:14:25
1_	38	2	1	3	3	3	5034	16:14:25
1_	38	2	1	4	4	4	1989	16:14:25
1_	38	2	1	5	5	5	2438	16:14:25
1_	38	2	1	6	6	6	1658	16:14:25
1_	38	2	1	7	7	7	2422	16:14:25
1_	38	2	1	8	8	8	5798	16:14:25
1_	38	2	1	9	9	9	4404	16:14:25
1_	38	2	1	10	10	10	2241	16:14:25
1_	38	2	1	11	11	11	2129	16:14:25
1_	38	2	1	12	12	12	5230	16:14:25
1_	38	2	1	13	13	13	3249	16:14:25
1_	38	2	1	14	14	14	1872	16:14:25
1_	38	2	1	15	15	15	3500	16:14:25
1_	38	2	1	16	16	16	1900	16:14:25
1_	38	2	1	17	17	17	3457	16:14:25
1_	38	2	1	18	18	18	2310	16:14:25
2_	27	1	0	1	9	1	2174	14:26:14
2_	27	1	1	2	2	2	2478	14:26:14
2_	27	1	0	3	5	3	1921	14:26:14
2_	27	1	0	4	13	4	5006	14:26:14
2_	27	1	0	5	3	5	2688	14:26:14
2_	27	1	0	6	16	6	3122	14:26:14
2_	27	1	1	7	7	7	1574	14:26:14
2_	27	1	1	8	8	8	4158	14:26:14
2_	27	1	0	9	14	9	3964	14:26:14
2_	27	1	0	10	9	10	2418	14:26:14
2_	27	1	0	11	18	11	2651	14:26:14
2_	27	1	0	12	4	12	3146	14:26:14
2_	27	1	0	13	10	13	2838	14:26:14
2_	27	1	0	14	12	14	4859	14:26:14
2_	27	1	1	15	15	15	2169	14:26:14
2_	27	1	0	16	6	16	1834	14:26:14
2_	27	1	0	17	1	17	3222	14:26:14
2_	27	1	0	18	5	18	3421	14:26:14
2_	32	1	0	1	10	1	2217	15:00:15
2_	32	1	1	2	2	2	2266	15:00:15
2_	32	1	0	3	6	3	5507	15:00:15
2_	32	1	0	4	14	4	3935	15:00:15
2_	32	1	1	5	5	5	2716	15:00:15
2_	32	1	1	6	6	6	8240	15:00:15
2_	32	1	0	7	13	7	2247	15:00:15
2_	32	1	1	8	8	8	1798	15:00:15
2_	32	1	0	9	1	9	2053	15:00:15
2_	32	1	0	10	7	10	1828	15:00:15
2_	32	1	1	11	11	11	6283	15:00:15
2_	32	1	0	12	4	12	3590	15:00:15
2_	32	1	0	13	17	13	1188	15:00:15
2_	32	1	0	14	12	14	2881	15:00:15
2_	32	1	1	15	15	15	2648	15:00:15
2_	32	1	1	16	16	16	2541	15:00:15
2_	32	1	0	17	9	17	1752	15:00:15
2_	32	1	1	18	18	18	7584	15:00:15
2_	38	1	1	1	1	1	2681	16:05:25
2_	38	1	1	2	2	2	2110	16:05:25
2_	38	1	1	3	3	3	1812	16:05:25
2_	38	1	0	4	6	4	8577	16:05:25
2_	38	1	1	5	5	5	3532	16:05:25
2_	38	1	0	6	11	6	15976	16:05:25
2_	38	1	1	7	7	7	1420	16:05:25
2_	38	1	1	8	8	8	4259	16:05:25
2_	38	1	1	9	9	9	4286	16:05:25
2_	38	1	1	10	10	10	2164	16:05:25
2_	38	1	0	11	14	11	12820	16:05:25
2_	38	1	0	12	13	12	4556	16:05:25
2_	38	1	0	13	16	13	6167	16:05:25
2_	38	1	0	14	11	14	3706	16:05:25
2_	38	1	1	15	15	15	1656	16:05:25
2_	38	1	0	16	17	16	6210	16:05:25
2_	38	1	0	17	12	17	5515	16:05:25
2_	38	1	1	18	18	18	7100	16:05:25
3_	27	4	0	1	2	1	1591	14:52:23
3_	27	4	0	2	8	2	1280	14:52:23
3_	27	4	0	3	7	3	969	14:52:23
3_	27	4	0	4	18	4	1363	14:52:23
3_	27	4	0	5	1	5	3230	14:52:23
3_	27	4	0	6	17	6	2041	14:52:23
3_	27	4	0	7	10	7	2992	14:52:23
3_	27	4	0	8	3	8	1674	14:52:23
3_	27	4	0	9	12	9	2291	14:52:23
3_	27	4	0	10	14	10	1523	14:52:23
3_	27	4	0	11	13	11	1543	14:52:23
3_	27	4	0	12	6	12	1335	14:52:23
3_	27	4	1	13	13	13	3781	14:52:23
3_	27	4	0	14	9	14	2083	14:52:23
3_	27	4	0	15	16	15	1395	14:52:23
3_	27	4	1	16	16	16	2138	14:52:23
3_	27	4	0	17	11	17	3431	14:52:23
3_	27	4	0	18	17	18	2319	14:52:23
3_	32	4	0	1	4	1	7120	15:27:29
3_	32	4	0	2	10	2	4062	15:27:29
3_	32	4	1	3	3	3	5436	15:27:29
3_	32	4	0	4	2	4	4912	15:27:29
3_	32	4	0	5	2	5	3134	15:27:29
3_	32	4	0	6	8	6	6228	15:27:29
3_	32	4	1	7	7	7	1302	15:27:29
3_	32	4	0	8	15	8	1778	15:27:29
3_	32	4	0	9	6	9	2520	15:27:29
3_	32	4	0	10	5	10	7134	15:27:29
3_	32	4	1	11	11	11	1422	15:27:29
3_	32	4	1	12	12	12	2094	15:27:29
3_	32	4	1	13	13	13	4191	15:27:29
3_	32	4	1	14	14	14	2023	15:27:29
3_	32	4	1	15	15	15	3064	15:27:29
3_	32	4	1	16	16	16	4511	15:27:29
3_	32	4	1	17	17	17	1177	15:27:29
3_	32	4	1	18	18	18	1810	15:27:29
3_	38	4	1	1	1	1	1475	16:29:55
3_	38	4	1	2	2	2	6062	16:29:55
3_	38	4	1	3	3	3	4812	16:29:55
3_	38	4	1	4	4	4	4822	16:29:55
3_	38	4	1	5	5	5	2108	16:29:55
3_	38	4	1	6	6	6	2209	16:29:55
3_	38	4	1	7	7	7	1772	16:29:55
3_	38	4	0	8	15	8	6632	16:29:55
3_	38	4	0	9	4	9	7558	16:29:55
3_	38	4	0	10	8	10	6434	16:29:55
3_	38	4	1	11	11	11	4061	16:29:55
3_	38	4	1	12	12	12	1850	16:29:55
3_	38	4	1	13	13	13	2113	16:29:55
3_	38	4	1	14	14	14	3305	16:29:55
3_	38	4	1	15	15	15	2341	16:29:55
3_	38	4	1	16	16	16	1497	16:29:55
3_	38	4	1	17	17	17	1533	16:29:55
3_	38	4	1	18	18	18	3562	16:29:55
4_	27	3	0	1	15	1	1755	14:44:22
4_	27	3	0	2	16	2	2055	14:44:22
4_	27	3	1	3	3	3	3066	14:44:22
4_	27	3	0	4	13	4	1931	14:44:22
4_	27	3	1	5	5	5	1974	14:44:22
4_	27	3	0	6	12	6	2836	14:44:22
4_	27	3	0	7	1	7	2577	14:44:22
4_	27	3	0	8	6	8	3807	14:44:22
4_	27	3	1	9	9	9	2809	14:44:22
4_	27	3	0	10	2	10	1901	14:44:22
4_	27	3	0	11	13	11	2456	14:44:22
4_	27	3	0	12	16	12	2540	14:44:22
4_	27	3	0	13	10	13	6103	14:44:22
4_	27	3	0	14	18	14	2363	14:44:22
4_	27	3	0	15	7	15	4675	14:44:22
4_	27	3	0	16	4	16	2234	14:44:22
4_	27	3	0	17	18	17	3374	14:44:22
4_	27	3	0	18	14	18	2155	14:44:22
4_	32	3	0	1	16	1	5436	15:18:45
4_	32	3	1	2	2	2	3164	15:18:45
4_	32	3	1	3	3	3	1470	15:18:45
4_	32	3	0	4	1	4	11285	15:18:45
4_	32	3	0	5	14	5	7338	15:18:45
4_	32	3	1	6	6	6	2193	15:18:45
4_	32	3	1	7	7	7	2348	15:18:45
4_	32	3	1	8	8	8	2527	15:18:45
4_	32	3	1	9	9	9	2132	15:18:45
4_	32	3	1	10	10	10	2233	15:18:45
4_	32	3	1	11	11	11	1757	15:18:45
4_	32	3	1	12	12	12	5417	15:18:45
4_	32	3	1	13	13	13	3645	15:18:45
4_	32	3	0	14	5	14	5356	15:18:45
4_	32	3	1	15	15	15	6001	15:18:45
4_	32	3	1	16	16	16	1998	15:18:45
4_	32	3	0	17	4	17	10333	15:18:45
4_	32	3	1	18	18	18	1639	15:18:45
4_	38	3	0	1	16	1	6940	16:22:07
4_	38	3	0	2	16	2	2778	16:22:07
4_	38	3	1	3	3	3	1848	16:22:07
4_	38	3	1	4	4	4	2367	16:22:07
4_	38	3	1	5	5	5	1726	16:22:07
4_	38	3	0	6	15	6	4620	16:22:07
4_	38	3	1	7	7	7	3246	16:22:07
4_	38	3	0	8	9	8	3844	16:22:07
4_	38	3	0	9	1	9	7556	16:22:07
4_	38	3	1	10	10	10	2786	16:22:07
4_	38	3	0	11	13	11	9771	16:22:07
4_	38	3	1	12	12	12	1233	16:22:07
4_	38	3	0	13	17	13	4878	16:22:07
4_	38	3	0	14	16	14	2185	16:22:07
4_	38	3	1	15	15	15	3330	16:22:07
4_	38	3	0	16	6	16	3529	16:22:07
4_	38	3	1	17	17	17	1869	16:22:07
4_	38	3	1	18	18	18	2181	16:22:07
1_	28	2	1	1	1	1	2011	14:21:32
1_	28	2	0	2	9	2	2287	14:21:32
1_	28	2	0	3	2	3	1179	14:21:32
1_	28	2	1	4	4	4	817	14:21:32
1_	28	2	0	5	9	5	340	14:21:32
1_	28	2	0	6	8	6	638	14:21:32
1_	28	2	0	7	16	7	1173	14:21:32
1_	28	2	0	8	16	8	1148	14:21:32
1_	28	2	1	9	9	9	709	14:21:32
1_	28	2	0	10	5	10	1071	14:21:32
1_	28	2	0	11	18	11	1375	14:21:32
1_	28	2	0	12	4	12	876	14:21:32
1_	28	2	0	13	12	13	652	14:21:32
1_	28	2	1	14	14	14	595	14:21:32
1_	28	2	0	15	9	15	709	14:21:32
1_	28	2	0	16	4	16	644	14:21:32
1_	28	2	0	17	10	17	566	14:21:32
1_	28	2	0	18	4	18	615	14:21:32
1_	33	2	0	1	14	1	2641	15:02:57
1_	33	2	0	2	18	2	7972	15:02:57
1_	33	2	0	3	4	3	2538	15:02:57
1_	33	2	0	4	6	4	2947	15:02:57
1_	33	2	1	5	5	5	4708	15:02:57
1_	33	2	0	6	3	6	2432	15:02:57
1_	33	2	0	7	10	7	2325	15:02:57
1_	33	2	0	8	3	8	2074	15:02:57
1_	33	2	1	9	9	9	3873	15:02:57
1_	33	2	0	10	16	10	2433	15:02:57
1_	33	2	1	11	11	11	1163	15:02:57
1_	33	2	0	12	17	12	4766	15:02:57
1_	33	2	1	13	13	13	1974	15:02:57
1_	33	2	0	14	12	14	1924	15:02:57
1_	33	2	1	15	15	15	4171	15:02:57
1_	33	2	0	16	1	16	2672	15:02:57
1_	33	2	0	17	6	17	2424	15:02:57
1_	33	2	0	18	8	18	5086	15:02:57
2_	28	1	1	1	1	1	1711	14:12:34
2_	28	1	0	2	16	2	611	14:12:34
2_	28	1	0	3	12	3	843	14:12:34
2_	28	1	0	4	12	4	1135	14:12:34
2_	28	1	0	5	6	5	658	14:12:34
2_	28	1	0	6	13	6	226	14:12:34
2_	28	1	1	7	7	7	705	14:12:34
2_	28	1	0	8	6	8	404	14:12:34
2_	28	1	0	9	17	9	263	14:12:34
2_	28	1	0	10	11	10	718	14:12:34
2_	28	1	1	11	11	11	1969	14:12:34
2_	28	1	0	12	3	12	1898	14:12:34
2_	28	1	1	13	13	13	1892	14:12:34
2_	28	1	0	14	17	14	1450	14:12:34
2_	28	1	0	15	10	15	3330	14:12:34
2_	28	1	0	16	4	16	3855	14:12:34
2_	28	1	0	17	6	17	1852	14:12:34
2_	28	1	0	18	13	18	1497	14:12:34
2_	33	1	0	1	15	1	5590	14:50:53
2_	33	1	0	2	11	2	4265	14:50:53
2_	33	1	0	3	6	3	4738	14:50:53
2_	33	1	0	4	1	4	5004	14:50:53
2_	33	1	0	5	18	5	3393	14:50:53
2_	33	1	0	6	14	6	1731	14:50:53
2_	33	1	0	7	9	7	2083	14:50:53
2_	33	1	1	8	8	8	1564	14:50:53
2_	33	1	0	9	16	9	4534	14:50:53
2_	33	1	0	10	4	10	3074	14:50:53
2_	33	1	0	11	5	11	2803	14:50:53
2_	33	1	0	12	2	12	1353	14:50:53
2_	33	1	1	13	13	13	1225	14:50:53
2_	33	1	0	14	9	14	3429	14:50:53
2_	33	1	0	15	16	15	5363	14:50:53
2_	33	1	0	16	12	16	1445	14:50:53
2_	33	1	0	17	2	17	1420	14:50:53
2_	33	1	0	18	16	18	1813	14:50:53
3_	28	4	0	1	12	1	472	14:35:08
3_	28	4	0	2	12	2	472	14:35:08
3_	28	4	0	3	6	3	744	14:35:08
3_	28	4	0	4	7	4	1106	14:35:08
3_	28	4	0	5	3	5	842	14:35:08
3_	28	4	0	6	16	6	521	14:35:08
3_	28	4	0	7	3	7	1195	14:35:08
3_	28	4	0	8	7	8	776	14:35:08
3_	28	4	0	9	6	9	524	14:35:08
3_	28	4	0	10	8	10	612	14:35:08
3_	28	4	0	11	17	11	507	14:35:08
3_	28	4	0	12	14	12	548	14:35:08
3_	28	4	0	13	11	13	592	14:35:08
3_	28	4	0	14	10	14	858	14:35:08
3_	28	4	0	15	10	15	617	14:35:08
3_	28	4	0	16	3	16	518	14:35:08
3_	28	4	0	17	11	17	511	14:35:08
3_	28	4	0	18	11	18	612	14:35:08
3_	33	4	0	1	12	1	2679	15:18:07
3_	33	4	1	2	2	2	2259	15:18:07
3_	33	4	1	3	3	3	1894	15:18:07
3_	33	4	0	4	11	4	8566	15:18:07
3_	33	4	0	5	6	5	2414	15:18:07
3_	33	4	0	6	10	6	1843	15:18:07
3_	33	4	1	7	7	7	1555	15:18:07
3_	33	4	1	8	8	8	2439	15:18:07
3_	33	4	0	9	11	9	3657	15:18:07
3_	33	4	0	10	6	10	2661	15:18:07
3_	33	4	0	11	10	11	2930	15:18:07
3_	33	4	0	12	14	12	2638	15:18:07
3_	33	4	1	13	13	13	1954	15:18:07
3_	33	4	0	14	1	14	2000	15:18:07
3_	33	4	0	15	4	15	1918	15:18:07
3_	33	4	1	16	16	16	2398	15:18:07
3_	33	4	0	17	18	17	4925	15:18:07
3_	33	4	0	18	8	18	2408	15:18:07
4_	28	3	0	1	12	1	740	14:28:26
4_	28	3	0	2	16	2	241	14:28:26
4_	28	3	0	3	12	3	623	14:28:26
4_	28	3	0	4	11	4	751	14:28:26
4_	28	3	0	5	16	5	589	14:28:26
4_	28	3	0	6	13	6	637	14:28:26
4_	28	3	0	7	16	7	588	14:28:26
4_	28	3	1	8	8	8	795	14:28:26
4_	28	3	0	9	12	9	810	14:28:26
4_	28	3	0	10	11	10	545	14:28:26
4_	28	3	0	11	18	11	608	14:28:26
4_	28	3	0	12	15	12	653	14:28:26
4_	28	3	0	13	6	13	1171	14:28:26
4_	28	3	0	14	15	14	662	14:28:26
4_	28	3	0	15	6	15	1053	14:28:26
4_	28	3	0	16	18	16	805	14:28:26
4_	28	3	0	17	15	17	445	14:28:26
4_	28	3	0	18	4	18	604	14:28:26
4_	33	3	0	1	18	1	1508	15:10:32
4_	33	3	0	2	1	2	1082	15:10:32
4_	33	3	0	3	5	3	1134	15:10:32
4_	33	3	0	4	10	4	2315	15:10:32
4_	33	3	0	5	8	5	1076	15:10:32
4_	33	3	0	6	3	6	1123	15:10:32
4_	33	3	0	7	16	7	1411	15:10:32
4_	33	3	0	8	4	8	1439	15:10:32
4_	33	3	1	9	9	9	1538	15:10:32
4_	33	3	0	10	11	10	1108	15:10:32
4_	33	3	0	11	5	11	1424	15:10:32
4_	33	3	1	12	12	12	1278	15:10:32
4_	33	3	0	13	14	13	2282	15:10:32
4_	33	3	0	14	11	14	1230	15:10:32
4_	33	3	0	15	13	15	1482	15:10:32
4_	33	3	0	16	7	16	1543	15:10:32
4_	33	3	0	17	8	17	1353	15:10:32
4_	33	3	0	18	15	18	2173	15:10:32
