Condition	Subject	Session	Correct	CorrectAns	Response	RT
1_	14	1	0	1	18	9958
1_	14	1	1	2	2	9194
1_	14	1	0	3	4	1620
1_	14	1	0	4	15	9467
1_	14	1	0	5	1	11578
1_	14	1	0	6	8	9751
1_	14	1	1	7	7	12036
1_	14	1	0	8	12	6317
1_	14	1	0	9	14	11599
1_	14	1	1	10	10	3676
1_	14	1	1	11	11	1034
1_	14	1	0	12	6	1442
1_	14	1	0	13	16	13666
1_	14	1	0	14	5	10674
1_	14	1	0	15	1	7041
1_	14	1	0	16	3	973
1_	14	1	0	17	9	7219
1_	14	1	0	18	8	10122
1_	24	4	0	1	8	2935
1_	24	4	1	2	2	4596
1_	24	4	1	3	3	3035
1_	24	4	1	4	4	1357
1_	24	4	1	5	5	1347
1_	24	4	0	6	18	5139
1_	24	4	1	7	7	2085
1_	24	4	0	8	11	3818
1_	24	4	1	9	9	3433
1_	24	4	1	10	10	3755
1_	24	4	1	11	11	2056
1_	24	4	0	12	6	1507
1_	24	4	0	13	1	5136
1_	24	4	0	14	16	1465
1_	24	4	1	15	15	1425
1_	24	4	0	16	2	3889
1_	24	4	1	17	17	1545
1_	24	4	0	18	14	5259
1_	29	3	0	1	4	4672
1_	29	3	0	2	9	6140
1_	29	3	0	3	17	2921
1_	29	3	0	4	12	3314
1_	29	3	0	5	1	4186
1_	29	3	1	6	6	1829
1_	29	3	0	7	9	6047
1_	29	3	1	8	8	6247
1_	29	3	0	9	10	2647
1_	29	3	0	10	11	3371
1_	29	3	0	11	2	8299
1_	29	3	0	12	16	2243
1_	29	3	1	13	13	1682
1_	29	3	0	14	9	6375
1_	29	3	0	15	14	1812
1_	29	3	0	16	7	4550
1_	29	3	0	17	3	2100
1_	29	3	0	18	7	1761
1_	4	1	1	1	1	3042
1_	4	1	0	2	10	5585
1_	4	1	1	3	3	2522
1_	4	1	0	4	15	8052
1_	4	1	0	5	7	12042
1_	4	1	0	6	5	16704
1_	4	1	0	7	4	6069
1_	4	1	1	8	8	1540
1_	4	1	0	9	6	12671
1_	4	1	0	10	5	11069
1_	4	1	1	11	11	4243
1_	4	1	0	12	4	13194
1_	4	1	0	13	2	14244
1_	4	1	0	14	12	9162
1_	4	1	0	15	14	17605
1_	4	1	1	16	16	2368
1_	4	1	1	17	17	1722
1_	4	1	0	18	13	11714
1_	9	2	0	1	8	4813
1_	9	2	1	2	2	1903
1_	9	2	1	3	3	2476
1_	9	2	0	4	1	11437
1_	9	2	1	5	5	1637
1_	9	2	0	6	4	12448
1_	9	2	1	7	7	1583
1_	9	2	0	8	14	3577
1_	9	2	0	9	16	4465
1_	9	2	0	10	18	5932
1_	9	2	0	11	13	3449
1_	9	2	0	12	17	6479
1_	9	2	0	13	12	1843
1_	9	2	0	14	15	8682
1_	9	2	1	15	15	1031
1_	9	2	0	16	11	1264
1_	9	2	0	17	3	4378
1_	9	2	0	18	9	1560
2_	14	4	1	1	1	1967
2_	14	4	0	2	10	4953
2_	14	4	1	3	3	6142
2_	14	4	0	4	16	4014
2_	14	4	1	5	5	6199
2_	14	4	1	6	6	8840
2_	14	4	0	7	3	4803
2_	14	4	0	8	9	2440
2_	14	4	0	9	4	2299
2_	14	4	0	10	12	10652
2_	14	4	0	11	7	2027
2_	14	4	0	12	11	10234
2_	14	4	1	13	13	1283
2_	14	4	1	14	14	5773
2_	14	4	1	15	15	2116
2_	14	4	0	16	18	3015
2_	14	4	1	17	17	1609
2_	14	4	0	18	8	3692
2_	24	3	1	1	1	2882
2_	24	3	0	2	8	4503
2_	24	3	1	3	3	1826
2_	24	3	1	4	4	4586
2_	24	3	0	5	16	3123
2_	24	3	0	6	17	4860
2_	24	3	1	7	7	3751
2_	24	3	0	8	10	8318
2_	24	3	1	9	9	1501
2_	24	3	0	10	2	6317
2_	24	3	1	11	11	2010
2_	24	3	1	12	12	2796
2_	24	3	0	13	10	4771
2_	24	3	0	14	15	2401
2_	24	3	0	15	17	5256
2_	24	3	0	16	13	6563
2_	24	3	0	17	13	2356
2_	24	3	0	18	17	8643
2_	29	4	0	1	9	5164
2_	29	4	0	2	13	2405
2_	29	4	0	3	8	4356
2_	29	4	0	4	18	4344
2_	29	4	1	5	5	2466
2_	29	4	1	6	6	2425
2_	29	4	0	7	11	5490
2_	29	4	0	8	14	4308
2_	29	4	0	9	17	5165
2_	29	4	0	10	11	2142
2_	29	4	0	11	18	1688
2_	29	4	0	12	7	4672
2_	29	4	0	13	4	2448
2_	29	4	0	14	16	2750
2_	29	4	1	15	15	4707
2_	29	4	0	16	14	7520
2_	29	4	0	17	11	1610
2_	29	4	0	18	14	3747
2_	4	2	1	1	1	2600
2_	4	2	0	2	3	12532
2_	4	2	0	3	16	7266
2_	4	2	0	4	2	8304
2_	4	2	1	5	5	1509
2_	4	2	0	6	9	8435
2_	4	2	0	7	12	2597
2_	4	2	0	8	16	17132
2_	4	2	0	9	10	7153
2_	4	2	0	10	13	3292
2_	4	2	0	11	17	3460
2_	4	2	0	12	8	10344
2_	4	2	1	13	13	12448
2_	4	2	1	14	14	4224
2_	4	2	1	15	15	1276
2_	4	2	0	16	6	8538
2_	4	2	0	17	10	12687
2_	4	2	1	18	18	2852
2_	9	1	0	1	8	7189
2_	9	1	0	2	12	6750
2_	9	1	1	3	3	1875
2_	9	1	0	4	6	11956
2_	9	1	1	5	5	1807
2_	9	1	0	6	2	4323
2_	9	1	1	7	7	4451
2_	9	1	0	8	12	2418
2_	9	1	1	9	9	1490
2_	9	1	0	10	14	6609
2_	9	1	1	11	11	4940
2_	9	1	0	12	1	18422
2_	9	1	1	13	13	2364
2_	9	1	0	14	4	7885
2_	9	1	0	15	17	11576
2_	9	1	0	16	17	5085
2_	9	1	0	17	16	1889
2_	9	1	0	18	1	7489
3_	14	2	0	1	16	3144
3_	14	2	1	2	2	2344
3_	14	2	1	3	3	2018
3_	14	2	1	4	4	5994
3_	14	2	1	5	5	2000
3_	14	2	0	6	3	5047
3_	14	2	1	7	7	7994
3_	14	2	1	8	8	6736
3_	14	2	1	9	9	15052
3_	14	2	0	10	13	8015
3_	14	2	1	11	11	11665
3_	14	2	1	12	12	1516
3_	14	2	0	13	4	10980
3_	14	2	1	14	14	2457
3_	14	2	0	15	10	7916
3_	14	2	0	16	9	8982
3_	14	2	1	17	17	3330
3_	14	2	1	18	18	13047
3_	24	1	1	1	1	1932
3_	24	1	1	2	2	1809
3_	24	1	1	3	3	1987
3_	24	1	1	4	4	2649
3_	24	1	1	5	5	1861
3_	24	1	1	6	6	5833
3_	24	1	1	7	7	2179
3_	24	1	1	8	8	2593
3_	24	1	1	9	9	3507
3_	24	1	0	10	16	8769
3_	24	1	0	11	15	12849
3_	24	1	1	12	12	1183
3_	24	1	1	13	13	1987
3_	24	1	1	14	14	3420
3_	24	1	1	15	15	1476
3_	24	1	0	16	9	1779
3_	24	1	1	17	17	1864
3_	24	1	0	18	8	3893
3_	29	1	0	1	10	6481
3_	29	1	1	2	2	6397
3_	29	1	0	3	17	2250
3_	29	1	1	4	4	2546
3_	29	1	0	5	9	3706
3_	29	1	0	6	11	3896
3_	29	1	0	7	3	5400
3_	29	1	0	8	7	2318
3_	29	1	0	9	1	6302
3_	29	1	0	10	11	5155
3_	29	1	0	11	15	1783
3_	29	1	0	12	5	5505
3_	29	1	0	13	16	1807
3_	29	1	0	14	9	4944
3_	29	1	0	15	6	5986
3_	29	1	1	16	16	2692
3_	29	1	0	17	1	4420
3_	29	1	0	18	8	2867
3_	4	3	0	1	2	10157
3_	4	3	0	2	9	25417
3_	4	3	1	3	3	9883
3_	4	3	1	4	4	3934
3_	4	3	1	5	5	2762
3_	4	3	0	6	11	4460
3_	4	3	1	7	7	8120
3_	4	3	1	8	8	3551
3_	4	3	1	9	9	18294
3_	4	3	0	10	15	4453
3_	4	3	0	11	16	5567
3_	4	3	1	12	12	1911
3_	4	3	0	13	17	15745
3_	4	3	1	14	14	3464
3_	4	3	1	15	15	4555
3_	4	3	0	16	10	14162
3_	4	3	0	17	11	3403
3_	4	3	1	18	18	6881
3_	9	3	1	1	1	1626
3_	9	3	1	2	2	1577
3_	9	3	1	3	3	1751
3_	9	3	1	4	4	4964
3_	9	3	1	5	5	1621
3_	9	3	1	6	6	2149
3_	9	3	1	7	7	4147
3_	9	3	1	8	8	1912
3_	9	3	1	9	9	1953
3_	9	3	1	10	10	1958
3_	9	3	1	11	11	926
3_	9	3	1	12	12	1503
3_	9	3	1	13	13	5676
3_	9	3	1	14	14	3578
3_	9	3	1	15	15	12832
3_	9	3	1	16	16	2458
3_	9	3	1	17	17	1550
3_	9	3	1	18	18	3556
4_	14	3	1	1	1	3656
4_	14	3	1	2	2	1868
4_	14	3	0	3	13	5330
4_	14	3	1	4	4	1230
4_	14	3	1	5	5	15323
4_	14	3	1	6	6	1746
4_	14	3	1	7	7	3099
4_	14	3	1	8	8	1988
4_	14	3	1	9	9	2807
4_	14	3	1	10	10	2008
4_	14	3	1	11	11	1227
4_	14	3	1	12	12	5906
4_	14	3	0	13	3	3438
4_	14	3	1	14	14	1828
4_	14	3	1	15	15	1680
4_	14	3	1	16	16	1988
4_	14	3	1	17	17	9335
4_	14	3	1	18	18	1732
4_	24	2	1	1	1	1417
4_	24	2	0	2	9	2306
4_	24	2	1	3	3	2302
4_	24	2	0	4	7	4963
4_	24	2	0	5	6	1501
4_	24	2	1	6	6	3779
4_	24	2	1	7	7	2751
4_	24	2	1	8	8	1159
4_	24	2	1	9	9	2227
4_	24	2	1	10	10	1005
4_	24	2	1	11	11	1065
4_	24	2	1	12	12	6729
4_	24	2	1	13	13	2189
4_	24	2	1	14	14	2311
4_	24	2	1	15	15	1445
4_	24	2	1	16	16	3083
4_	24	2	1	17	17	2047
4_	24	2	1	18	18	2894
4_	29	2	0	1	4	7730
4_	29	2	1	2	2	7448
4_	29	2	0	3	5	3374
4_	29	2	0	4	3	3899
4_	29	2	0	5	9	5341
4_	29	2	0	6	4	12484
4_	29	2	1	7	7	1464
4_	29	2	1	8	8	5469
4_	29	2	0	9	18	3765
4_	29	2	1	10	10	2837
4_	29	2	0	11	9	7600
4_	29	2	1	12	12	1678
4_	29	2	1	13	13	2266
4_	29	2	1	14	14	3538
4_	29	2	0	15	3	7236
4_	29	2	1	16	16	4958
4_	29	2	0	17	3	6195
4_	29	2	0	18	1	5200
4_	4	4	1	1	1	2638
4_	4	4	1	2	2	5598
4_	4	4	1	3	3	2127
4_	4	4	1	4	4	1906
4_	4	4	1	5	5	4832
4_	4	4	1	6	6	2690
4_	4	4	1	7	7	2026
4_	4	4	1	8	8	2218
4_	4	4	1	9	9	15832
4_	4	4	1	10	10	1761
4_	4	4	1	11	11	1388
4_	4	4	1	12	12	2288
4_	4	4	1	13	13	4028
4_	4	4	1	14	14	1737
4_	4	4	0	15	8	5579
4_	4	4	1	16	16	1534
4_	4	4	1	17	17	6620
4_	4	4	1	18	18	1983
4_	9	4	1	1	1	1808
4_	9	4	1	2	2	3067
4_	9	4	1	3	3	2859
4_	9	4	1	4	4	2727
4_	9	4	1	5	5	9996
4_	9	4	1	6	6	4530
4_	9	4	1	7	7	2549
4_	9	4	1	8	8	1564
4_	9	4	1	9	9	2252
4_	9	4	1	10	10	9772
4_	9	4	1	11	11	1627
4_	9	4	1	12	12	1329
4_	9	4	1	13	13	2820
4_	9	4	1	14	14	1486
4_	9	4	1	15	15	1258
4_	9	4	1	16	16	2864
4_	9	4	1	17	17	2544
4_	9	4	1	18	18	3042
1_	10	2	0	1	10	3597
1_	10	2	1	2	2	1722
1_	10	2	0	3	12	10418
1_	10	2	0	4	5	2329
1_	10	2	0	5	3	2648
1_	10	2	0	6	18	2471
1_	10	2	0	7	1	1485
1_	10	2	1	8	8	2123
1_	10	2	1	9	9	2685
1_	10	2	0	10	15	8351
1_	10	2	1	11	11	3148
1_	10	2	0	12	6	2502
1_	10	2	0	13	4	1438
1_	10	2	1	14	14	2201
1_	10	2	0	15	16	8351
1_	10	2	0	16	13	12661
1_	10	2	1	17	17	8696
1_	10	2	0	18	16	7440
1_	15	1	0	1	10	3548
1_	15	1	1	2	2	2494
1_	15	1	0	3	6	1806
1_	15	1	0	4	15	2419
1_	15	1	1	5	5	3930
1_	15	1	0	6	7	1304
1_	15	1	0	7	1	1245
1_	15	1	0	8	17	1273
1_	15	1	0	9	8	1115
1_	15	1	0	10	18	2365
1_	15	1	0	11	3	1527
1_	15	1	0	12	4	963
1_	15	1	0	13	14	1267
1_	15	1	0	14	15	1098
1_	15	1	0	15	17	784
1_	15	1	0	16	12	3770
1_	15	1	0	17	16	1176
1_	15	1	0	18	17	2541
1_	25	4	0	1	6	19340
1_	25	4	1	2	2	5075
1_	25	4	0	3	15	3004
1_	25	4	0	4	14	11187
1_	25	4	1	5	5	1972
1_	25	4	0	6	17	6211
1_	25	4	0	7	2	3836
1_	25	4	1	8	8	1111
1_	25	4	0	9	3	12012
1_	25	4	1	10	10	6279
1_	25	4	0	11	17	5668
1_	25	4	0	12	4	4424
1_	25	4	0	13	4	1466
1_	25	4	0	14	9	5657
1_	25	4	0	15	13	10932
1_	25	4	0	16	13	2089
1_	25	4	0	17	7	5835
1_	25	4	0	18	15	4021
1_	30	3	0	1	10	10016
1_	30	3	0	2	18	2699
1_	30	3	0	3	6	2900
1_	30	3	0	4	17	4043
1_	30	3	1	5	5	2180
1_	30	3	0	6	16	5106
1_	30	3	0	7	17	5229
1_	30	3	1	8	8	1989
1_	30	3	0	9	7	7989
1_	30	3	0	10	3	17199
1_	30	3	0	11	1	4959
1_	30	3	0	12	10	2609
1_	30	3	0	13	11	12035
1_	30	3	0	14	18	6602
1_	30	3	0	15	1	5535
1_	30	3	0	16	15	3435
1_	30	3	0	17	6	8375
1_	30	3	0	18	15	10476
1_	5	1	1	1	1	2387
1_	5	1	0	2	7	12092
1_	5	1	1	3	3	1804
1_	5	1	0	4	12	2203
1_	5	1	1	5	5	2017
1_	5	1	0	6	16	3076
1_	5	1	0	7	9	4586
1_	5	1	1	8	8	1010
1_	5	1	0	9	18	9804
1_	5	1	0	10	2	6163
1_	5	1	0	11	17	7604
1_	5	1	0	12	4	1826
1_	5	1	1	13	13	2562
1_	5	1	0	14	10	10707
1_	5	1	1	15	15	1942
1_	5	1	0	16	11	3384
1_	5	1	0	17	6	5633
1_	5	1	0	18	7	1462
2_	10	1	1	1	1	1922
2_	10	1	1	2	2	10930
2_	10	1	1	3	3	3022
2_	10	1	0	4	10	3773
2_	10	1	1	5	5	1795
2_	10	1	1	6	6	2074
2_	10	1	1	7	7	1850
2_	10	1	0	8	4	4169
2_	10	1	0	9	18	3483
2_	10	1	0	10	8	2200
2_	10	1	1	11	11	2677
2_	10	1	0	12	18	1577
2_	10	1	1	13	13	1784
2_	10	1	1	14	14	4458
2_	10	1	0	15	17	1736
2_	10	1	0	16	8	2183
2_	10	1	0	17	9	5096
2_	10	1	1	18	18	4080
2_	15	4	0	1	7	1652
2_	15	4	1	2	2	1705
2_	15	4	0	3	13	1670
2_	15	4	0	4	17	1038
2_	15	4	0	5	2	1153
2_	15	4	0	6	14	1348
2_	15	4	0	7	1	1659
2_	15	4	0	8	7	895
2_	15	4	0	9	7	913
2_	15	4	0	10	14	1325
2_	15	4	0	11	7	1235
2_	15	4	0	12	3	828
2_	15	4	0	13	8	927
2_	15	4	0	14	8	1018
2_	15	4	0	15	1	1458
2_	15	4	0	16	11	847
2_	15	4	0	17	16	1062
2_	15	4	1	18	18	901
2_	25	3	0	1	10	10942
2_	25	3	0	2	10	3569
2_	25	3	1	3	3	2049
2_	25	3	0	4	12	1216
2_	25	3	0	5	8	13073
2_	25	3	0	6	9	3769
2_	25	3	0	7	13	6770
2_	25	3	0	8	12	4696
2_	25	3	1	9	9	2169
2_	25	3	0	10	18	8154
2_	25	3	0	11	7	2528
2_	25	3	0	12	2	7085
2_	25	3	0	13	17	3056
2_	25	3	0	14	15	3173
2_	25	3	0	15	14	1764
2_	25	3	0	16	10	7212
2_	25	3	0	17	11	5013
2_	25	3	0	18	15	5105
2_	30	4	0	1	15	10841
2_	30	4	0	2	10	4073
2_	30	4	1	3	3	2153
2_	30	4	0	4	2	4648
2_	30	4	0	5	13	5769
2_	30	4	0	6	15	5250
2_	30	4	0	7	17	5488
2_	30	4	0	8	14	2741
2_	30	4	1	9	9	2045
2_	30	4	0	10	13	11995
2_	30	4	0	11	18	2761
2_	30	4	0	12	4	8603
2_	30	4	0	13	6	4577
2_	30	4	0	14	17	2562
2_	30	4	1	15	15	2272
2_	30	4	0	16	5	4425
2_	30	4	0	17	14	5495
2_	30	4	0	18	16	7655
2_	5	2	0	1	8	11534
2_	5	2	0	2	4	7459
2_	5	2	1	3	3	3007
2_	5	2	1	4	4	1394
2_	5	2	0	5	16	2636
2_	5	2	1	6	6	2734
2_	5	2	1	7	7	1380
2_	5	2	0	8	17	7555
2_	5	2	1	9	9	1656
2_	5	2	0	10	6	7906
2_	5	2	0	11	5	2151
2_	5	2	1	12	12	1244
2_	5	2	0	13	18	3949
2_	5	2	1	14	14	5369
2_	5	2	0	15	17	5244
2_	5	2	0	16	2	6229
2_	5	2	0	17	10	2017
2_	5	2	0	18	6	7780
3_	10	3	0	1	15	5038
3_	10	3	0	2	6	4865
3_	10	3	1	3	3	3815
3_	10	3	1	4	4	1749
3_	10	3	1	5	5	2080
3_	10	3	0	6	1	1659
3_	10	3	1	7	7	1623
3_	10	3	1	8	8	1319
3_	10	3	0	9	13	2927
3_	10	3	0	10	14	1621
3_	10	3	0	11	2	6803
3_	10	3	1	12	12	1360
3_	10	3	1	13	13	2858
3_	10	3	0	14	16	3232
3_	10	3	0	15	10	3146
3_	10	3	0	16	11	14940
3_	10	3	1	17	17	1085
3_	10	3	0	18	1	17511
3_	15	2	0	1	18	4609
3_	15	2	0	2	16	4646
3_	15	2	0	3	8	2955
3_	15	2	1	4	4	2041
3_	15	2	1	5	5	1636
3_	15	2	1	6	6	1602
3_	15	2	0	7	12	1747
3_	15	2	0	8	12	1031
3_	15	2	0	9	12	2503
3_	15	2	0	10	8	3074
3_	15	2	1	11	11	1447
3_	15	2	1	12	12	1427
3_	15	2	0	13	18	2160
3_	15	2	0	14	16	2652
3_	15	2	1	15	15	1156
3_	15	2	0	16	3	1906
3_	15	2	1	17	17	1254
3_	15	2	0	18	1	2273
3_	25	1	0	1	16	21007
3_	25	1	0	2	6	8688
3_	25	1	0	3	9	14724
3_	25	1	0	4	16	2112
3_	25	1	0	5	3	6728
3_	25	1	0	6	13	6014
3_	25	1	0	7	12	2913
3_	25	1	1	8	8	4738
3_	25	1	1	9	9	3315
3_	25	1	0	10	1	1827
3_	25	1	1	11	11	3339
3_	25	1	0	12	4	9852
3_	25	1	0	13	10	7842
3_	25	1	0	14	9	2778
3_	25	1	1	15	15	5039
3_	25	1	0	16	17	8580
3_	25	1	0	17	5	7376
3_	25	1	0	18	7	3428
3_	30	1	0	1	16	10687
3_	30	1	0	2	18	7171
3_	30	1	0	3	14	4497
3_	30	1	0	4	16	4464
3_	30	1	0	5	15	3357
3_	30	1	0	6	2	4091
3_	30	1	0	7	3	3323
3_	30	1	1	8	8	10164
3_	30	1	1	9	9	2197
3_	30	1	1	10	10	4171
3_	30	1	0	11	5	5498
3_	30	1	0	12	13	3395
3_	30	1	0	13	7	1784
3_	30	1	0	14	5	6641
3_	30	1	0	15	10	7101
3_	30	1	0	16	17	2319
3_	30	1	1	17	17	5881
3_	30	1	1	18	18	3317
3_	5	3	0	1	2	14837
3_	5	3	0	2	18	10425
3_	5	3	1	3	3	1661
3_	5	3	1	4	4	8553
3_	5	3	1	5	5	1774
3_	5	3	1	6	6	2637
3_	5	3	0	7	9	6016
3_	5	3	1	8	8	2179
3_	5	3	0	9	7	1785
3_	5	3	1	10	10	1971
3_	5	3	1	11	11	1353
3_	5	3	0	12	13	13809
3_	5	3	0	13	4	12529
3_	5	3	1	14	14	5260
3_	5	3	1	15	15	3954
3_	5	3	0	16	9	5575
3_	5	3	0	17	9	6060
3_	5	3	0	18	12	1632
4_	10	4	1	1	1	1260
4_	10	4	1	2	2	2432
4_	10	4	1	3	3	1699
4_	10	4	1	4	4	31347
4_	10	4	1	5	5	2315
4_	10	4	1	6	6	992
4_	10	4	1	7	7	1346
4_	10	4	0	8	15	3792
4_	10	4	1	9	9	2002
4_	10	4	1	10	10	2987
4_	10	4	1	11	11	2660
4_	10	4	1	12	12	1958
4_	10	4	1	13	13	2572
4_	10	4	1	14	14	1171
4_	10	4	1	15	15	3456
4_	10	4	1	16	16	1180
4_	10	4	1	17	17	1890
4_	10	4	1	18	18	1706
4_	15	3	1	1	1	1626
4_	15	3	1	2	2	1658
4_	15	3	1	3	3	2789
4_	15	3	1	4	4	1135
4_	15	3	0	5	8	3002
4_	15	3	0	6	10	2240
4_	15	3	0	7	8	1572
4_	15	3	0	8	15	3168
4_	15	3	0	9	6	1539
4_	15	3	1	10	10	1555
4_	15	3	1	11	11	1489
4_	15	3	0	12	10	2858
4_	15	3	1	13	13	1189
4_	15	3	1	14	14	3559
4_	15	3	1	15	15	8649
4_	15	3	1	16	16	3032
4_	15	3	1	17	17	2187
4_	15	3	1	18	18	2134
4_	25	2	1	1	1	3929
4_	25	2	0	2	18	6677
4_	25	2	1	3	3	6194
4_	25	2	0	4	11	9889
4_	25	2	1	5	5	4622
4_	25	2	1	6	6	3035
4_	25	2	1	7	7	1678
4_	25	2	1	8	8	2796
4_	25	2	1	9	9	3425
4_	25	2	1	10	10	2777
4_	25	2	1	11	11	1374
4_	25	2	0	12	17	5798
4_	25	2	1	13	13	5778
4_	25	2	0	14	13	2487
4_	25	2	0	15	14	6732
4_	25	2	1	16	16	1529
4_	25	2	0	17	2	10073
4_	25	2	1	18	18	4686
4_	30	2	0	1	18	4282
4_	30	2	0	2	4	3575
4_	30	2	0	3	11	5333
4_	30	2	0	4	7	6114
4_	30	2	1	5	5	3945
4_	30	2	0	6	9	4363
4_	30	2	1	7	7	2268
4_	30	2	0	8	5	4311
4_	30	2	0	9	11	2546
4_	30	2	1	10	10	7694
4_	30	2	0	11	10	3875
4_	30	2	0	12	6	10534
4_	30	2	1	13	13	3406
4_	30	2	1	14	14	1617
4_	30	2	1	15	15	4645
4_	30	2	0	16	8	3191
4_	30	2	0	17	16	2918
4_	30	2	1	18	18	1896
4_	5	4	1	1	1	910
4_	5	4	1	2	2	2375
4_	5	4	1	3	3	1965
4_	5	4	1	4	4	2191
4_	5	4	1	5	5	6658
4_	5	4	1	6	6	2165
4_	5	4	1	7	7	1606
4_	5	4	0	8	15	2682
4_	5	4	1	9	9	3008
4_	5	4	1	10	10	6904
4_	5	4	1	11	11	968
4_	5	4	1	12	12	1235
4_	5	4	1	13	13	4247
4_	5	4	1	14	14	1732
4_	5	4	1	15	15	5814
4_	5	4	1	16	16	3430
4_	5	4	1	17	17	4177
4_	5	4	1	18	18	1951
1_	13	2	0	1	8	5152
1_	13	2	0	2	3	3637
1_	13	2	0	3	4	2049
1_	13	2	0	4	7	5230
1_	13	2	0	5	1	2730
1_	13	2	0	6	13	2242
1_	13	2	0	7	6	3287
1_	13	2	0	8	11	1771
1_	13	2	0	9	1	3930
1_	13	2	0	10	12	3582
1_	13	2	0	11	17	1956
1_	13	2	0	12	17	3474
1_	13	2	0	13	2	3040
1_	13	2	1	14	14	1997
1_	13	2	0	15	18	3627
1_	13	2	0	16	9	2745
1_	13	2	0	17	5	4491
1_	13	2	0	18	15	7027
1_	18	4	0	1	10	3317
1_	18	4	0	2	6	5400
1_	18	4	0	3	4	9741
1_	18	4	0	4	7	8725
1_	18	4	1	5	5	1635
1_	18	4	0	6	2	5846
1_	18	4	1	7	7	2061
1_	18	4	1	8	8	2720
1_	18	4	0	9	3	3306
1_	18	4	0	10	1	5373
1_	18	4	1	11	11	1491
1_	18	4	1	12	12	1187
1_	18	4	0	13	18	9294
1_	18	4	0	14	16	5224
1_	18	4	1	15	15	1118
1_	18	4	0	16	9	9262
1_	18	4	1	17	17	13196
1_	18	4	0	18	13	1846
1_	23	4	1	1	1	2074
1_	23	4	1	2	2	1986
1_	23	4	0	3	11	7492
1_	23	4	1	4	4	2260
1_	23	4	0	5	10	2480
1_	23	4	0	6	12	4396
1_	23	4	0	7	14	3163
1_	23	4	1	8	8	2556
1_	23	4	1	9	9	5634
1_	23	4	0	10	7	4748
1_	23	4	1	11	11	3930
1_	23	4	0	12	18	9085
1_	23	4	0	13	5	3803
1_	23	4	1	14	14	5273
1_	23	4	1	15	15	1376
1_	23	4	1	16	16	1270
1_	23	4	1	17	17	1335
1_	23	4	0	18	13	5904
1_	28	3	1	1	1	11797
1_	28	3	1	2	2	2468
1_	28	3	0	3	11	6226
1_	28	3	1	4	4	2265
1_	28	3	1	5	5	5400
1_	28	3	0	6	12	4560
1_	28	3	1	7	7	1810
1_	28	3	1	8	8	1091
1_	28	3	0	9	6	10324
1_	28	3	0	10	18	4657
1_	28	3	0	11	16	1775
1_	28	3	0	12	13	3553
1_	28	3	0	13	14	9646
1_	28	3	0	14	6	7590
1_	28	3	1	15	15	1881
1_	28	3	0	16	12	17236
1_	28	3	1	17	17	1822
1_	28	3	0	18	12	2286
1_	3	1	0	1	16	7914
1_	3	1	0	2	13	3523
1_	3	1	0	3	12	3648
1_	3	1	0	4	12	1784
1_	3	1	0	5	3	3228
1_	3	1	0	6	1	4919
1_	3	1	0	7	14	2811
1_	3	1	0	8	18	3081
1_	3	1	0	9	15	3655
1_	3	1	0	10	2	4163
1_	3	1	0	11	17	9408
1_	3	1	0	12	14	4331
1_	3	1	0	13	10	5112
1_	3	1	0	14	5	2630
1_	3	1	0	15	3	6863
1_	3	1	0	16	7	3998
1_	3	1	0	17	9	3732
1_	3	1	0	18	8	3104
1_	8	2	0	1	14	8359
1_	8	2	0	2	9	5062
1_	8	2	0	3	11	3159
1_	8	2	0	4	15	2815
1_	8	2	1	5	5	1422
1_	8	2	0	6	17	2038
1_	8	2	0	7	11	9766
1_	8	2	1	8	8	1977
1_	8	2	0	9	1	2482
1_	8	2	1	10	10	3819
1_	8	2	0	11	12	8645
1_	8	2	0	12	16	2968
1_	8	2	1	13	13	2480
1_	8	2	0	14	6	1271
1_	8	2	0	15	3	3077
1_	8	2	0	16	7	2158
1_	8	2	0	17	2	5010
1_	8	2	1	18	18	8687
2_	13	1	0	1	5	18411
2_	13	1	0	2	16	6516
2_	13	1	0	3	17	5194
2_	13	1	0	4	12	1500
2_	13	1	0	5	3	1153
2_	13	1	0	6	8	4063
2_	13	1	0	7	18	6219
2_	13	1	0	8	12	2881
2_	13	1	0	9	7	1093
2_	13	1	0	10	14	963
2_	13	1	0	11	4	1566
2_	13	1	1	12	12	1374
2_	13	1	0	13	14	1947
2_	13	1	0	14	15	1177
2_	13	1	0	15	13	1511
2_	13	1	0	16	11	1268
2_	13	1	0	17	15	1001
2_	13	1	0	18	11	1634
2_	18	3	1	1	1	3081
2_	18	3	0	2	14	5140
2_	18	3	1	3	3	1341
2_	18	3	0	4	11	1445
2_	18	3	0	5	16	2575
2_	18	3	1	6	6	4733
2_	18	3	1	7	7	1257
2_	18	3	1	8	8	5405
2_	18	3	1	9	9	2034
2_	18	3	0	10	18	8063
2_	18	3	1	11	11	1418
2_	18	3	1	12	12	2064
2_	18	3	0	13	4	5996
2_	18	3	0	14	5	3994
2_	18	3	1	15	15	1488
2_	18	3	0	16	10	2487
2_	18	3	0	17	10	1726
2_	18	3	0	18	2	4273
2_	23	3	0	1	8	3954
2_	23	3	0	2	7	2526
2_	23	3	1	3	3	3992
2_	23	3	0	4	1	4926
2_	23	3	1	5	5	2034
2_	23	3	0	6	18	3837
2_	23	3	0	7	12	4849
2_	23	3	0	8	17	3088
2_	23	3	1	9	9	886
2_	23	3	0	10	7	2407
2_	23	3	0	11	4	2298
2_	23	3	0	12	1	3434
2_	23	3	1	13	13	2477
2_	23	3	0	14	6	2410
2_	23	3	1	15	15	2828
2_	23	3	0	16	7	2035
2_	23	3	0	17	10	1742
2_	23	3	0	18	1	2728
2_	28	4	1	1	1	4916
2_	28	4	1	2	2	3285
2_	28	4	1	3	3	7842
2_	28	4	1	4	4	2963
2_	28	4	1	5	5	3117
2_	28	4	0	6	16	7023
2_	28	4	1	7	7	1853
2_	28	4	0	8	13	3097
2_	28	4	1	9	9	3881
2_	28	4	1	10	10	1565
2_	28	4	1	11	11	1254
2_	28	4	1	12	12	10539
2_	28	4	1	13	13	2964
2_	28	4	1	14	14	3468
2_	28	4	1	15	15	1277
2_	28	4	0	16	8	10481
2_	28	4	0	17	15	1396
2_	28	4	0	18	6	13990
2_	3	2	0	1	12	3010
2_	3	2	0	2	16	3128
2_	3	2	1	3	3	3720
2_	3	2	1	4	4	2487
2_	3	2	1	5	5	5038
2_	3	2	0	6	1	5666
2_	3	2	0	7	14	4425
2_	3	2	0	8	18	7312
2_	3	2	1	9	9	2058
2_	3	2	0	10	2	4762
2_	3	2	1	11	11	1863
2_	3	2	1	12	12	5444
2_	3	2	1	13	13	3656
2_	3	2	0	14	17	4109
2_	3	2	1	15	15	2086
2_	3	2	0	16	15	8566
2_	3	2	0	17	10	3267
2_	3	2	0	18	2	4582
2_	8	1	1	1	1	7473
2_	8	1	0	2	3	5323
2_	8	1	0	3	16	1478
2_	8	1	0	4	17	1553
2_	8	1	1	5	5	2478
2_	8	1	0	6	13	4343
2_	8	1	1	7	7	6376
2_	8	1	1	8	8	8663
2_	8	1	0	9	6	2897
2_	8	1	0	10	9	3622
2_	8	1	0	11	4	1927
2_	8	1	0	12	15	2440
2_	8	1	0	13	12	3178
2_	8	1	0	14	2	2223
2_	8	1	0	15	11	3890
2_	8	1	0	16	18	1600
2_	8	1	0	17	14	6562
2_	8	1	0	18	15	3796
3_	13	3	1	1	1	2465
3_	13	3	1	2	2	3509
3_	13	3	0	3	4	3898
3_	13	3	0	4	5	7410
3_	13	3	0	5	13	1925
3_	13	3	1	6	6	4778
3_	13	3	1	7	7	2759
3_	13	3	1	8	8	3210
3_	13	3	0	9	3	13300
3_	13	3	1	10	10	1575
3_	13	3	1	11	11	954
3_	13	3	0	12	3	2113
3_	13	3	0	13	18	8889
3_	13	3	1	14	14	2624
3_	13	3	1	15	15	2560
3_	13	3	0	16	12	5987
3_	13	3	1	17	17	1445
3_	13	3	1	18	18	5924
3_	18	2	1	1	1	2398
3_	18	2	0	2	10	5717
3_	18	2	1	3	3	1533
3_	18	2	0	4	12	1524
3_	18	2	1	5	5	3536
3_	18	2	1	6	6	3790
3_	18	2	0	7	9	8730
3_	18	2	1	8	8	1073
3_	18	2	0	9	16	3336
3_	18	2	0	10	7	5501
3_	18	2	1	11	11	3570
3_	18	2	0	12	4	6115
3_	18	2	1	13	13	2139
3_	18	2	1	14	14	6404
3_	18	2	1	15	15	1388
3_	18	2	0	16	2	6742
3_	18	2	1	17	17	2222
3_	18	2	1	18	18	1749
3_	23	1	0	1	18	4920
3_	23	1	0	2	8	5122
3_	23	1	0	3	17	1868
3_	23	1	0	4	14	3889
3_	23	1	0	5	13	3458
3_	23	1	0	6	16	3837
3_	23	1	0	7	6	2713
3_	23	1	0	8	7	3746
3_	23	1	1	9	9	3659
3_	23	1	1	10	10	2803
3_	23	1	1	11	11	2220
3_	23	1	0	12	3	3694
3_	23	1	0	13	5	2333
3_	23	1	0	14	16	2388
3_	23	1	0	15	14	7731
3_	23	1	0	16	9	2137
3_	23	1	0	17	10	3178
3_	23	1	0	18	12	1992
3_	28	1	0	1	16	20524
3_	28	1	1	2	2	2779
3_	28	1	0	3	6	5546
3_	28	1	1	4	4	9755
3_	28	1	1	5	5	7367
3_	28	1	1	6	6	3530
3_	28	1	0	7	1	6494
3_	28	1	1	8	8	7061
3_	28	1	0	9	10	7097
3_	28	1	0	10	18	7954
3_	28	1	1	11	11	1534
3_	28	1	1	12	12	2602
3_	28	1	1	13	13	7811
3_	28	1	1	14	14	3444
3_	28	1	0	15	6	8932
3_	28	1	0	16	17	2633
3_	28	1	0	17	3	6428
3_	28	1	0	18	7	8158
3_	3	3	0	1	18	15246
3_	3	3	0	2	16	4113
3_	3	3	0	3	7	8854
3_	3	3	0	4	1	3874
3_	3	3	0	5	17	3272
3_	3	3	0	6	14	5458
3_	3	3	0	7	16	6794
3_	3	3	1	8	8	2093
3_	3	3	0	9	17	4010
3_	3	3	0	10	3	4934
3_	3	3	1	11	11	2906
3_	3	3	1	12	12	1702
3_	3	3	0	13	5	3235
3_	3	3	0	14	4	6778
3_	3	3	0	15	7	8930
3_	3	3	0	16	6	2925
3_	3	3	0	17	10	8028
3_	3	3	0	18	13	3295
3_	8	3	0	1	10	1375
3_	8	3	0	2	9	2001
3_	8	3	0	3	15	1171
3_	8	3	0	4	1	1891
3_	8	3	0	5	18	911
3_	8	3	0	6	16	747
3_	8	3	0	7	13	4474
3_	8	3	0	8	14	1065
3_	8	3	0	9	4	1079
3_	8	3	0	10	17	1315
3_	8	3	0	11	6	3112
3_	8	3	0	12	16	2137
3_	8	3	0	13	11	1440
3_	8	3	0	14	2	3371
3_	8	3	0	15	5	1855
3_	8	3	0	16	7	4943
3_	8	3	0	17	8	2711
3_	8	3	0	18	3	1617
4_	13	4	1	1	1	1885
4_	13	4	0	2	6	6943
4_	13	4	1	3	3	3361
4_	13	4	1	4	4	1491
4_	13	4	0	5	2	6132
4_	13	4	1	6	6	3632
4_	13	4	1	7	7	1818
4_	13	4	1	8	8	1698
4_	13	4	1	9	9	5372
4_	13	4	1	10	10	1639
4_	13	4	1	11	11	1188
4_	13	4	1	12	12	1790
4_	13	4	1	13	13	2256
4_	13	4	1	14	14	1907
4_	13	4	1	15	15	1288
4_	13	4	1	16	16	2167
4_	13	4	1	17	17	2170
4_	13	4	1	18	18	1876
4_	18	1	1	1	1	12937
4_	18	1	0	2	3	7201
4_	18	1	0	3	2	9864
4_	18	1	1	4	4	1395
4_	18	1	1	5	5	2154
4_	18	1	1	6	6	5983
4_	18	1	1	7	7	2289
4_	18	1	0	8	2	12217
4_	18	1	1	9	9	1420
4_	18	1	1	10	10	5402
4_	18	1	1	11	11	902
4_	18	1	0	12	8	8632
4_	18	1	1	13	13	2090
4_	18	1	0	14	18	7868
4_	18	1	0	15	18	1693
4_	18	1	1	16	16	1692
4_	18	1	0	17	12	6099
4_	18	1	1	18	18	3805
4_	23	2	1	1	1	1847
4_	23	2	0	2	9	6534
4_	23	2	1	3	3	4522
4_	23	2	0	4	11	2459
4_	23	2	1	5	5	4064
4_	23	2	1	6	6	1722
4_	23	2	1	7	7	2091
4_	23	2	0	8	5	3635
4_	23	2	1	9	9	4303
4_	23	2	1	10	10	1145
4_	23	2	0	11	8	5612
4_	23	2	0	12	8	5063
4_	23	2	0	13	12	3442
4_	23	2	0	14	9	8897
4_	23	2	1	15	15	2641
4_	23	2	1	16	16	1682
4_	23	2	1	17	17	1764
4_	23	2	1	18	18	1576
4_	28	2	1	1	1	1683
4_	28	2	1	2	2	1727
4_	28	2	1	3	3	6359
4_	28	2	1	4	4	7087
4_	28	2	1	5	5	11609
4_	28	2	1	6	6	1755
4_	28	2	1	7	7	2631
4_	28	2	0	8	15	17645
4_	28	2	1	9	9	4762
4_	28	2	0	10	11	3075
4_	28	2	1	11	11	2907
4_	28	2	1	12	12	3162
4_	28	2	1	13	13	2610
4_	28	2	1	14	14	1348
4_	28	2	1	15	15	3298
4_	28	2	1	16	16	2650
4_	28	2	1	17	17	1361
4_	28	2	1	18	18	2132
4_	3	4	1	1	1	2627
4_	3	4	1	2	2	7622
4_	3	4	1	3	3	4833
4_	3	4	1	4	4	1288
4_	3	4	0	5	9	9576
4_	3	4	0	6	5	3754
4_	3	4	1	7	7	1409
4_	3	4	0	8	10	8602
4_	3	4	0	9	15	15177
4_	3	4	0	10	6	4713
4_	3	4	1	11	11	4505
4_	3	4	1	12	12	5977
4_	3	4	1	13	13	18230
4_	3	4	1	14	14	1495
4_	3	4	1	15	15	2743
4_	3	4	1	16	16	1931
4_	3	4	1	17	17	2739
4_	3	4	1	18	18	2784
4_	8	4	0	1	4	3298
4_	8	4	1	2	2	2574
4_	8	4	0	3	10	1906
4_	8	4	0	4	11	2378
4_	8	4	0	5	3	2025
4_	8	4	0	6	12	1813
4_	8	4	1	7	7	1294
4_	8	4	0	8	18	3263
4_	8	4	0	9	5	1773
4_	8	4	0	10	17	1753
4_	8	4	0	11	9	1924
4_	8	4	0	12	13	2389
4_	8	4	0	13	1	2816
4_	8	4	0	14	8	9412
4_	8	4	1	15	15	2538
4_	8	4	1	16	16	5968
4_	8	4	0	17	14	2639
4_	8	4	0	18	11	8722
1_	1	1	0	1	9	12604
1_	1	1	0	2	6	9345
1_	1	1	1	3	3	2392
1_	1	1	1	4	4	1848
1_	1	1	0	5	15	4909
1_	1	1	0	6	5	3148
1_	1	1	1	7	7	1750
1_	1	1	1	8	8	3210
1_	1	1	0	9	12	6470
1_	1	1	0	10	17	4986
1_	1	1	0	11	13	7033
1_	1	1	0	12	11	4722
1_	1	1	1	13	13	3537
1_	1	1	1	14	14	6181
1_	1	1	0	15	10	7722
1_	1	1	1	16	16	5304
1_	1	1	0	17	14	4426
1_	1	1	1	18	18	5562
1_	11	1	0	1	7	6931
1_	11	1	1	2	2	3192
1_	11	1	0	3	9	5178
1_	11	1	0	4	12	4640
1_	11	1	1	5	5	2771
1_	11	1	0	6	12	8642
1_	11	1	0	7	1	5105
1_	11	1	1	8	8	4757
1_	11	1	0	9	7	4731
1_	11	1	0	10	14	5431
1_	11	1	0	11	16	3313
1_	11	1	0	12	3	3442
1_	11	1	0	13	18	10250
1_	11	1	0	14	4	5176
1_	11	1	1	15	15	1344
1_	11	1	1	16	16	1592
1_	11	1	1	17	17	1650
1_	11	1	0	18	10	5449
1_	16	4	0	1	10	12061
1_	16	4	0	2	1	3448
1_	16	4	1	3	3	2833
1_	16	4	1	4	4	2844
1_	16	4	0	5	1	3843
1_	16	4	0	6	9	5154
1_	16	4	1	7	7	1927
1_	16	4	1	8	8	2533
1_	16	4	0	9	2	5052
1_	16	4	0	10	5	4441
1_	16	4	0	11	14	3747
1_	16	4	1	12	12	1670
1_	16	4	1	13	13	1624
1_	16	4	0	14	6	3349
1_	16	4	0	15	5	3362
1_	16	4	1	16	16	2580
1_	16	4	0	17	2	5883
1_	16	4	1	18	18	1981
1_	19	4	0	1	11	4666
1_	19	4	1	2	2	2095
1_	19	4	1	3	3	3328
1_	19	4	0	4	9	10461
1_	19	4	0	5	7	4929
1_	19	4	0	6	12	10245
1_	19	4	0	7	13	1697
1_	19	4	1	8	8	4549
1_	19	4	0	9	6	4970
1_	19	4	1	10	10	5804
1_	19	4	0	11	1	5257
1_	19	4	0	12	11	13619
1_	19	4	0	13	16	9875
1_	19	4	0	14	15	1534
1_	19	4	0	15	6	20429
1_	19	4	0	16	4	9820
1_	19	4	0	17	5	23529
1_	19	4	0	18	17	7557
1_	21	4	0	1	3	1168
1_	21	4	0	2	16	728
1_	21	4	0	3	4	543
1_	21	4	0	4	17	535
1_	21	4	0	5	4	1074
1_	21	4	0	6	7	912
1_	21	4	0	7	12	1025
1_	21	4	0	8	18	1018
1_	21	4	0	9	1	1354
1_	21	4	0	10	14	1150
1_	21	4	0	11	8	1187
1_	21	4	0	12	9	903
1_	21	4	0	13	1	1134
1_	21	4	0	14	15	1317
1_	21	4	0	15	11	1244
1_	21	4	0	16	3	947
1_	21	4	0	17	9	848
1_	21	4	0	18	7	786
1_	26	3	1	1	1	6729
1_	26	3	1	2	2	3613
1_	26	3	1	3	3	1712
1_	26	3	0	4	15	1852
1_	26	3	0	5	13	3210
1_	26	3	0	6	10	3203
1_	26	3	1	7	7	1803
1_	26	3	1	8	8	3303
1_	26	3	1	9	9	2020
1_	26	3	0	10	11	3843
1_	26	3	0	11	4	3234
1_	26	3	0	12	6	3301
1_	26	3	0	13	12	2355
1_	26	3	0	14	15	2727
1_	26	3	0	15	5	2700
1_	26	3	0	16	12	3250
1_	26	3	1	17	17	1754
1_	26	3	0	18	16	4257
1_	6	2	0	1	10	2625
1_	6	2	1	2	2	2749
1_	6	2	0	3	9	3010
1_	6	2	0	4	3	2558
1_	6	2	1	5	5	1838
1_	6	2	0	6	14	4635
1_	6	2	0	7	4	2247
1_	6	2	0	8	4	5161
1_	6	2	0	9	7	4196
1_	6	2	1	10	10	1868
1_	6	2	0	11	16	3967
1_	6	2	0	12	6	1704
1_	6	2	1	13	13	1539
1_	6	2	1	14	14	5847
1_	6	2	1	15	15	1239
1_	6	2	0	16	8	3161
1_	6	2	1	17	17	1713
1_	6	2	1	18	18	2822
2_	1	2	1	1	1	3290
2_	1	2	0	2	18	15032
2_	1	2	0	3	10	8742
2_	1	2	1	4	4	8118
2_	1	2	1	5	5	1609
2_	1	2	1	6	6	2545
2_	1	2	1	7	7	2038
2_	1	2	1	8	8	4304
2_	1	2	1	9	9	3696
2_	1	2	1	10	10	11021
2_	1	2	1	11	11	1775
2_	1	2	1	12	12	2601
2_	1	2	1	13	13	3234
2_	1	2	1	14	14	2306
2_	1	2	1	15	15	2702
2_	1	2	1	16	16	1649
2_	1	2	0	17	2	10267
2_	1	2	0	18	4	15511
2_	11	4	0	1	18	7812
2_	11	4	0	2	16	1822
2_	11	4	1	3	3	2068
2_	11	4	0	4	10	5308
2_	11	4	0	5	1	2281
2_	11	4	0	6	14	5126
2_	11	4	0	7	8	3946
2_	11	4	0	8	13	2603
2_	11	4	1	9	9	1332
2_	11	4	0	10	5	2946
2_	11	4	1	11	11	1909
2_	11	4	0	12	2	2819
2_	11	4	1	13	13	9281
2_	11	4	0	14	6	3099
2_	11	4	0	15	5	2731
2_	11	4	0	16	1	3272
2_	11	4	1	17	17	1577
2_	11	4	0	18	5	10092
2_	16	3	1	1	1	4032
2_	16	3	0	2	14	3980
2_	16	3	0	3	8	4626
2_	16	3	0	4	16	4865
2_	16	3	1	5	5	1817
2_	16	3	0	6	14	4019
2_	16	3	1	7	7	1777
2_	16	3	0	8	18	9464
2_	16	3	0	9	15	2575
2_	16	3	0	10	11	3801
2_	16	3	0	11	9	3671
2_	16	3	1	12	12	2744
2_	16	3	0	13	2	2146
2_	16	3	0	14	17	3369
2_	16	3	0	15	8	4628
2_	16	3	0	16	13	3753
2_	16	3	0	17	6	3224
2_	16	3	1	18	18	3342
2_	19	3	0	1	14	10883
2_	19	3	0	2	4	6014
2_	19	3	0	3	17	10273
2_	19	3	0	4	12	3651
2_	19	3	1	5	5	5734
2_	19	3	0	6	9	5549
2_	19	3	1	7	7	2792
2_	19	3	0	8	1	6115
2_	19	3	1	9	9	3845
2_	19	3	1	10	10	3035
2_	19	3	1	11	11	1406
2_	19	3	0	12	6	5305
2_	19	3	1	13	13	3671
2_	19	3	0	14	16	3813
2_	19	3	1	15	15	1761
2_	19	3	0	16	6	6563
2_	19	3	0	17	8	14322
2_	19	3	1	18	18	7188
2_	21	3	0	1	5	1298
2_	21	3	0	2	16	1442
2_	21	3	0	3	4	1105
2_	21	3	0	4	17	1378
2_	21	3	0	5	12	1528
2_	21	3	0	6	14	1169
2_	21	3	0	7	2	1327
2_	21	3	0	8	13	1420
2_	21	3	0	9	3	1650
2_	21	3	0	10	3	1677
2_	21	3	0	11	8	867
2_	21	3	0	12	13	1310
2_	21	3	0	13	18	1461
2_	21	3	0	14	18	1307
2_	21	3	0	15	17	950
2_	21	3	0	16	10	1256
2_	21	3	0	17	14	1092
2_	21	3	0	18	4	1226
2_	26	4	0	1	7	1763
2_	26	4	0	2	9	2699
2_	26	4	0	3	12	2700
2_	26	4	0	4	14	3107
2_	26	4	0	5	17	2361
2_	26	4	0	6	5	1477
2_	26	4	0	7	15	1822
2_	26	4	0	8	16	2486
2_	26	4	0	9	4	1947
2_	26	4	0	10	15	3867
2_	26	4	0	11	8	2818
2_	26	4	0	12	13	1908
2_	26	4	0	13	3	1876
2_	26	4	0	14	11	2308
2_	26	4	0	15	18	2429
2_	26	4	0	16	6	4604
2_	26	4	0	17	13	2794
2_	26	4	0	18	1	2735
2_	6	1	1	1	1	2065
2_	6	1	1	2	2	3518
2_	6	1	1	3	3	2719
2_	6	1	1	4	4	5881
2_	6	1	1	5	5	1932
2_	6	1	1	6	6	2838
2_	6	1	1	7	7	1581
2_	6	1	1	8	8	3266
2_	6	1	1	9	9	4284
2_	6	1	1	10	10	2161
2_	6	1	0	11	4	2178
2_	6	1	0	12	16	2203
2_	6	1	0	13	4	2217
2_	6	1	0	14	18	4000
2_	6	1	0	15	2	5495
2_	6	1	0	16	13	1977
2_	6	1	0	17	14	3831
2_	6	1	0	18	13	4367
3_	1	3	0	1	13	10447
3_	1	3	1	2	2	10473
3_	1	3	0	3	18	14757
3_	1	3	0	4	2	2416
3_	1	3	1	5	5	3086
3_	1	3	1	6	6	1660
3_	1	3	1	7	7	6170
3_	1	3	0	8	12	2725
3_	1	3	1	9	9	1866
3_	1	3	1	10	10	2033
3_	1	3	1	11	11	1636
3_	1	3	0	12	1	5352
3_	1	3	0	13	15	5878
3_	1	3	1	14	14	2123
3_	1	3	1	15	15	4322
3_	1	3	1	16	16	1416
3_	1	3	1	17	17	1504
3_	1	3	0	18	12	3819
3_	11	2	1	1	1	3388
3_	11	2	1	2	2	8134
3_	11	2	0	3	16	4740
3_	11	2	0	4	12	1898
3_	11	2	0	5	7	3931
3_	11	2	0	6	7	3145
3_	11	2	0	7	10	5018
3_	11	2	1	8	8	1944
3_	11	2	1	9	9	2187
3_	11	2	0	10	5	2916
3_	11	2	0	11	16	1949
3_	11	2	0	12	11	7322
3_	11	2	1	13	13	1997
3_	11	2	1	14	14	6961
3_	11	2	0	15	6	4739
3_	11	2	0	16	1	3877
3_	11	2	0	17	4	4065
3_	11	2	1	18	18	5187
3_	16	2	1	1	1	3599
3_	16	2	0	2	18	4734
3_	16	2	0	3	5	3219
3_	16	2	1	4	4	3010
3_	16	2	1	5	5	2886
3_	16	2	0	6	14	6680
3_	16	2	0	7	14	7709
3_	16	2	1	8	8	5601
3_	16	2	0	9	13	5022
3_	16	2	1	10	10	2869
3_	16	2	1	11	11	1406
3_	16	2	0	12	15	5256
3_	16	2	0	13	6	3660
3_	16	2	0	14	6	4104
3_	16	2	0	15	12	1851
3_	16	2	0	16	9	4913
3_	16	2	0	17	18	7675
3_	16	2	0	18	17	4129
3_	19	2	1	1	1	4974
3_	19	2	1	2	2	2829
3_	19	2	0	3	7	3123
3_	19	2	0	4	15	2159
3_	19	2	0	5	14	6657
3_	19	2	0	6	13	7050
3_	19	2	0	7	9	3091
3_	19	2	1	8	8	1440
3_	19	2	0	9	18	3558
3_	19	2	0	10	16	4689
3_	19	2	0	11	3	10786
3_	19	2	0	12	13	9381
3_	19	2	0	13	5	4331
3_	19	2	0	14	3	9559
3_	19	2	0	15	4	7155
3_	19	2	0	16	11	6576
3_	19	2	1	17	17	2254
3_	19	2	0	18	12	6090
3_	21	1	0	1	9	1995
3_	21	1	1	2	2	2091
3_	21	1	0	3	18	2994
3_	21	1	0	4	12	1861
3_	21	1	0	5	3	1904
3_	21	1	1	6	6	1509
3_	21	1	0	7	4	1674
3_	21	1	0	8	11	1522
3_	21	1	0	9	17	1741
3_	21	1	0	10	13	2340
3_	21	1	0	11	16	1438
3_	21	1	0	12	7	2205
3_	21	1	0	13	10	54
3_	21	1	0	14	3	1808
3_	21	1	1	15	15	1296
3_	21	1	0	16	10	1429
3_	21	1	1	17	17	1369
3_	21	1	0	18	13	2286
3_	26	1	1	1	1	6176
3_	26	1	0	2	16	5447
3_	26	1	0	3	14	2182
3_	26	1	0	4	16	2281
3_	26	1	0	5	7	6688
3_	26	1	1	6	6	2959
3_	26	1	0	7	9	3186
3_	26	1	0	8	4	4683
3_	26	1	0	9	17	4567
3_	26	1	1	10	10	2545
3_	26	1	0	11	8	2131
3_	26	1	0	12	18	4040
3_	26	1	0	13	2	6418
3_	26	1	0	14	1	2777
3_	26	1	0	15	13	3743
3_	26	1	0	16	5	3601
3_	26	1	0	17	15	8936
3_	26	1	0	18	2	4992
3_	6	3	1	1	1	2665
3_	6	3	1	2	2	6109
3_	6	3	0	3	5	2698
3_	6	3	1	4	4	2408
3_	6	3	0	5	14	2458
3_	6	3	1	6	6	2490
3_	6	3	0	7	3	2406
3_	6	3	1	8	8	1989
3_	6	3	1	9	9	3226
3_	6	3	1	10	10	1930
3_	6	3	1	11	11	1999
3_	6	3	0	12	7	5284
3_	6	3	1	13	13	2639
3_	6	3	0	14	18	4439
3_	6	3	1	15	15	5748
3_	6	3	1	16	16	3034
3_	6	3	1	17	17	1938
3_	6	3	1	18	18	2600
4_	1	4	1	1	1	3623
4_	1	4	0	2	9	6881
4_	1	4	0	3	9	10313
4_	1	4	0	4	7	2006
4_	1	4	1	5	5	3313
4_	1	4	1	6	6	3406
4_	1	4	1	7	7	1845
4_	1	4	1	8	8	10177
4_	1	4	1	9	9	7454
4_	1	4	1	10	10	3645
4_	1	4	1	11	11	1938
4_	1	4	1	12	12	2384
4_	1	4	1	13	13	2052
4_	1	4	1	14	14	1724
4_	1	4	1	15	15	1772
4_	1	4	1	16	16	2440
4_	1	4	0	17	3	8654
4_	1	4	1	18	18	5672
4_	11	3	1	1	1	1206
4_	11	3	1	2	2	2090
4_	11	3	1	3	3	1557
4_	11	3	1	4	4	5639
4_	11	3	1	5	5	3490
4_	11	3	1	6	6	1378
4_	11	3	1	7	7	1572
4_	11	3	1	8	8	1890
4_	11	3	1	9	9	3331
4_	11	3	1	10	10	2012
4_	11	3	1	11	11	3529
4_	11	3	1	12	12	1695
4_	11	3	1	13	13	3656
4_	11	3	1	14	14	2948
4_	11	3	1	15	15	1979
4_	11	3	1	16	16	1476
4_	11	3	1	17	17	3068
4_	11	3	1	18	18	2509
4_	16	1	1	1	1	3460
4_	16	1	0	2	10	6286
4_	16	1	0	3	2	4538
4_	16	1	0	4	3	8231
4_	16	1	0	5	10	4861
4_	16	1	0	6	9	5643
4_	16	1	0	7	12	2544
4_	16	1	0	8	9	8843
4_	16	1	0	9	16	2721
4_	16	1	0	10	8	3187
4_	16	1	0	11	5	2884
4_	16	1	0	12	3	3592
4_	16	1	1	13	13	7362
4_	16	1	1	14	14	1674
4_	16	1	1	15	15	1982
4_	16	1	1	16	16	3752
4_	16	1	0	17	16	7605
4_	16	1	1	18	18	1755
4_	19	1	0	1	5	12856
4_	19	1	1	2	2	11079
4_	19	1	1	3	3	9921
4_	19	1	1	4	4	5495
4_	19	1	0	5	9	18838
4_	19	1	1	6	6	4978
4_	19	1	1	7	7	2277
4_	19	1	0	8	1	13460
4_	19	1	0	9	8	18037
4_	19	1	0	10	8	20426
4_	19	1	0	11	17	9056
4_	19	1	1	12	12	1705
4_	19	1	1	13	13	3554
4_	19	1	1	14	14	1980
4_	19	1	1	15	15	3761
4_	19	1	0	16	17	5748
4_	19	1	0	17	11	16289
4_	19	1	1	18	18	3197
4_	21	2	0	1	12	3573
4_	21	2	0	2	7	641
4_	21	2	0	3	5	1392
4_	21	2	0	4	2	1149
4_	21	2	0	5	4	2116
4_	21	2	0	6	15	1698
4_	21	2	0	7	1	1194
4_	21	2	0	8	14	1033
4_	21	2	0	9	8	1055
4_	21	2	0	10	7	1122
4_	21	2	0	11	13	892
4_	21	2	0	12	3	904
4_	21	2	0	13	17	2509
4_	21	2	0	14	6	1491
4_	21	2	0	15	3	1660
4_	21	2	0	16	11	1216
4_	21	2	0	17	1	1651
4_	21	2	0	18	13	1425
4_	26	2	1	1	1	7268
4_	26	2	1	2	2	10518
4_	26	2	1	3	3	6782
4_	26	2	1	4	4	7053
4_	26	2	0	5	9	3881
4_	26	2	1	6	6	2763
4_	26	2	1	7	7	1333
4_	26	2	0	8	15	3066
4_	26	2	1	9	9	2276
4_	26	2	0	10	5	4828
4_	26	2	1	11	11	2394
4_	26	2	1	12	12	2119
4_	26	2	1	13	13	1992
4_	26	2	1	14	14	2397
4_	26	2	1	15	15	2505
4_	26	2	0	16	5	7222
4_	26	2	1	17	17	1688
4_	26	2	1	18	18	1871
4_	6	4	1	1	1	1346
4_	6	4	0	2	5	5072
4_	6	4	1	3	3	8977
4_	6	4	1	4	4	3137
4_	6	4	1	5	5	4414
4_	6	4	1	6	6	3096
4_	6	4	1	7	7	2652
4_	6	4	1	8	8	2611
4_	6	4	1	9	9	4065
4_	6	4	1	10	10	1871
4_	6	4	1	11	11	3953
4_	6	4	1	12	12	1961
4_	6	4	1	13	13	1634
4_	6	4	1	14	14	4005
4_	6	4	1	15	15	1610
4_	6	4	1	16	16	1642
4_	6	4	1	17	17	2427
4_	6	4	1	18	18	2713
1_	12	1	1	1	1	3400
1_	12	1	0	2	9	5228
1_	12	1	0	3	5	1981
1_	12	1	0	4	15	2644
1_	12	1	0	5	16	3497
1_	12	1	0	6	4	4538
1_	12	1	1	7	7	2539
1_	12	1	1	8	8	1452
1_	12	1	0	9	7	3023
1_	12	1	0	10	14	1357
1_	12	1	0	11	5	4876
1_	12	1	0	12	13	1295
1_	12	1	0	13	15	3136
1_	12	1	1	14	14	4010
1_	12	1	0	15	10	3955
1_	12	1	0	16	2	6090
1_	12	1	0	17	9	3162
1_	12	1	0	18	17	1580
1_	17	4	0	1	18	1657
1_	17	4	0	2	17	2348
1_	17	4	0	3	14	778
1_	17	4	0	4	17	621
1_	17	4	0	5	15	1080
1_	17	4	1	6	6	1727
1_	17	4	1	7	7	1207
1_	17	4	1	8	8	2306
1_	17	4	0	9	14	1182
1_	17	4	0	10	5	2206
1_	17	4	0	11	3	1802
1_	17	4	0	12	5	1136
1_	17	4	1	13	13	1745
1_	17	4	0	14	18	1368
1_	17	4	1	15	15	1508
1_	17	4	0	16	12	1249
1_	17	4	0	17	9	1721
1_	17	4	0	18	4	2568
1_	2	1	0	1	8	10981
1_	2	1	0	2	14	13431
1_	2	1	0	3	2	2262
1_	2	1	0	4	12	2100
1_	2	1	0	5	9	8170
1_	2	1	0	6	7	3288
1_	2	1	0	7	18	4855
1_	2	1	0	8	5	3799
1_	2	1	0	9	13	9394
1_	2	1	0	10	3	7602
1_	2	1	0	11	1	7032
1_	2	1	0	12	4	1964
1_	2	1	0	13	17	7292
1_	2	1	0	14	16	4180
1_	2	1	1	15	15	10893
1_	2	1	0	16	6	5773
1_	2	1	0	17	10	3895
1_	2	1	0	18	13	6026
1_	20	4	1	1	1	1624
1_	20	4	0	2	11	6310
1_	20	4	0	3	10	5198
1_	20	4	0	4	12	4009
1_	20	4	0	5	14	2572
1_	20	4	0	6	15	4562
1_	20	4	1	7	7	2075
1_	20	4	1	8	8	1798
1_	20	4	1	9	9	4305
1_	20	4	0	10	18	3855
1_	20	4	0	11	3	3762
1_	20	4	0	12	2	5812
1_	20	4	1	13	13	1717
1_	20	4	0	14	17	3510
1_	20	4	0	15	6	3034
1_	20	4	1	16	16	3718
1_	20	4	0	17	4	3319
1_	20	4	0	18	5	8560
1_	22	4	1	1	1	1668
1_	22	4	0	2	10	2921
1_	22	4	0	3	16	3253
1_	22	4	0	4	3	5235
1_	22	4	1	5	5	7611
1_	22	4	1	6	6	1780
1_	22	4	0	7	12	8750
1_	22	4	1	8	8	1497
1_	22	4	1	9	9	4441
1_	22	4	0	10	15	2992
1_	22	4	0	11	3	7653
1_	22	4	0	12	4	2141
1_	22	4	0	13	11	8949
1_	22	4	1	14	14	2307
1_	22	4	0	15	7	7624
1_	22	4	1	16	16	3357
1_	22	4	1	17	17	1763
1_	22	4	0	18	3	2806
1_	27	3	0	1	11	3810
1_	27	3	0	2	10	4613
1_	27	3	0	3	9	2952
1_	27	3	0	4	12	1180
1_	27	3	0	5	8	3874
1_	27	3	0	6	7	6546
1_	27	3	1	7	7	2428
1_	27	3	0	8	7	1603
1_	27	3	0	9	4	3016
1_	27	3	0	10	11	4762
1_	27	3	0	11	6	2358
1_	27	3	0	12	14	21779
1_	27	3	0	13	2	2104
1_	27	3	0	14	15	5995
1_	27	3	0	15	10	2457
1_	27	3	0	16	9	4382
1_	27	3	0	17	16	2821
1_	27	3	0	18	14	20386
1_	31	3	0	1	13	10993
1_	31	3	0	2	6	2283
1_	31	3	0	3	4	3192
1_	31	3	0	4	10	5001
1_	31	3	0	5	3	2048
1_	31	3	0	6	5	9830
1_	31	3	1	7	7	1689
1_	31	3	0	8	12	7194
1_	31	3	1	9	9	2963
1_	31	3	0	10	17	4749
1_	31	3	1	11	11	2020
1_	31	3	0	12	8	2408
1_	31	3	0	13	15	3205
1_	31	3	1	14	14	1522
1_	31	3	0	15	18	3996
1_	31	3	1	16	16	4355
1_	31	3	0	17	10	10199
1_	31	3	0	18	6	6613
1_	7	2	1	1	1	1608
1_	7	2	1	2	2	2794
1_	7	2	0	3	14	1645
1_	7	2	0	4	16	3238
1_	7	2	0	5	13	5128
1_	7	2	0	6	18	5297
1_	7	2	1	7	7	2306
1_	7	2	1	8	8	1518
1_	7	2	1	9	9	7112
1_	7	2	0	10	1	3154
1_	7	2	0	11	3	2509
1_	7	2	0	12	6	2840
1_	7	2	0	13	11	1545
1_	7	2	0	14	7	3919
1_	7	2	1	15	15	1486
1_	7	2	0	16	18	1744
1_	7	2	0	17	12	1870
1_	7	2	0	18	12	1843
2_	12	4	1	1	1	1354
2_	12	4	0	2	13	3048
2_	12	4	0	3	4	2325
2_	12	4	0	4	6	1770
2_	12	4	0	5	2	2292
2_	12	4	0	6	12	1704
2_	12	4	0	7	4	1137
2_	12	4	0	8	9	2857
2_	12	4	0	9	18	1749
2_	12	4	0	10	15	2483
2_	12	4	0	11	8	2717
2_	12	4	0	12	8	4446
2_	12	4	0	13	5	1102
2_	12	4	0	14	5	1900
2_	12	4	0	15	16	3307
2_	12	4	0	16	14	1606
2_	12	4	0	17	10	2819
2_	12	4	0	18	8	2073
2_	17	3	0	1	4	2244
2_	17	3	0	2	11	1112
2_	17	3	0	3	14	1003
2_	17	3	0	4	17	1040
2_	17	3	1	5	5	1637
2_	17	3	0	6	12	859
2_	17	3	0	7	3	2705
2_	17	3	0	8	18	1598
2_	17	3	0	9	4	1136
2_	17	3	0	10	7	1241
2_	17	3	0	11	10	1066
2_	17	3	0	12	7	1359
2_	17	3	0	13	14	2358
2_	17	3	0	14	2	1395
2_	17	3	1	15	15	1178
2_	17	3	0	16	9	1432
2_	17	3	0	17	16	2203
2_	17	3	0	18	9	1337
2_	2	2	0	1	17	9095
2_	2	2	0	2	12	7626
2_	2	2	1	3	3	10702
2_	2	2	1	4	4	4146
2_	2	2	0	5	1	3130
2_	2	2	1	6	6	11455
2_	2	2	0	7	10	6143
2_	2	2	0	8	7	106
2_	2	2	1	9	9	6883
2_	2	2	0	10	1	7766
2_	2	2	1	11	11	4028
2_	2	2	0	12	14	10531
2_	2	2	1	13	13	5084
2_	2	2	0	14	10	9401
2_	2	2	1	15	15	2014
2_	2	2	0	16	18	4173
2_	2	2	0	17	10	17672
2_	2	2	0	18	6	5992
2_	20	3	1	1	1	2509
2_	20	3	1	2	2	3746
2_	20	3	1	3	3	2410
2_	20	3	1	4	4	3150
2_	20	3	1	5	5	10300
2_	20	3	1	6	6	2457
2_	20	3	1	7	7	1861
2_	20	3	1	8	8	12514
2_	20	3	1	9	9	3682
2_	20	3	1	10	10	5071
2_	20	3	0	11	17	12804
2_	20	3	1	12	12	4563
2_	20	3	1	13	13	6492
2_	20	3	0	14	11	1765
2_	20	3	1	15	15	1695
2_	20	3	1	16	16	2424
2_	20	3	0	17	14	12724
2_	20	3	1	18	18	1435
2_	22	3	1	1	1	4099
2_	22	3	0	2	18	2572
2_	22	3	1	3	3	2206
2_	22	3	0	4	6	5493
2_	22	3	1	5	5	3749
2_	22	3	0	6	16	3409
2_	22	3	1	7	7	1581
2_	22	3	0	8	14	6154
2_	22	3	1	9	9	2431
2_	22	3	0	10	12	6057
2_	22	3	1	11	11	1703
2_	22	3	1	12	12	2786
2_	22	3	1	13	13	5116
2_	22	3	0	14	1	3480
2_	22	3	0	15	17	2585
2_	22	3	0	16	18	3276
2_	22	3	0	17	6	3588
2_	22	3	0	18	8	2070
2_	27	4	0	1	3	4749
2_	27	4	0	2	18	1545
2_	27	4	0	3	8	1813
2_	27	4	0	4	11	1790
2_	27	4	0	5	13	2448
2_	27	4	0	6	15	2344
2_	27	4	0	7	1	2713
2_	27	4	0	8	4	1323
2_	27	4	0	9	7	1134
2_	27	4	0	10	15	1337
2_	27	4	0	11	18	2193
2_	27	4	0	12	16	3780
2_	27	4	0	13	16	1618
2_	27	4	0	14	5	2625
2_	27	4	0	15	17	1440
2_	27	4	0	16	15	1930
2_	27	4	1	17	17	3207
2_	27	4	0	18	10	4986
2_	31	1	1	1	1	11709
2_	31	1	1	2	2	10586
2_	31	1	1	3	3	2180
2_	31	1	1	4	4	1730
2_	31	1	0	5	16	4159
2_	31	1	0	6	5	6395
2_	31	1	0	7	11	2305
2_	31	1	0	8	12	18622
2_	31	1	1	9	9	3309
2_	31	1	1	10	10	1391
2_	31	1	0	11	5	2923
2_	31	1	0	12	2	3222
2_	31	1	0	13	18	8439
2_	31	1	1	14	14	2689
2_	31	1	0	15	17	1489
2_	31	1	0	16	8	20890
2_	31	1	0	17	6	4825
2_	31	1	0	18	7	3190
2_	7	1	0	1	2	2419
2_	7	1	0	2	16	1600
2_	7	1	0	3	17	1587
2_	7	1	0	4	11	1345
2_	7	1	0	5	17	1063
2_	7	1	0	6	10	975
2_	7	1	0	7	14	1272
2_	7	1	0	8	10	1083
2_	7	1	0	9	6	1735
2_	7	1	0	10	15	1126
2_	7	1	0	11	8	1328
2_	7	1	0	12	4	997
2_	7	1	0	13	11	1832
2_	7	1	0	14	5	1036
2_	7	1	0	15	18	853
2_	7	1	0	16	1	1577
2_	7	1	0	17	9	995
2_	7	1	0	18	9	3205
3_	12	2	1	1	1	2020
3_	12	2	1	2	2	2618
3_	12	2	0	3	6	4614
3_	12	2	1	4	4	3640
3_	12	2	0	5	18	4196
3_	12	2	0	6	14	2556
3_	12	2	0	7	12	5847
3_	12	2	1	8	8	3087
3_	12	2	0	9	7	1666
3_	12	2	1	10	10	2341
3_	12	2	0	11	9	5030
3_	12	2	0	12	13	2087
3_	12	2	0	13	18	1642
3_	12	2	0	14	5	3088
3_	12	2	0	15	1	2738
3_	12	2	0	16	8	3836
3_	12	2	0	17	8	1166
3_	12	2	0	18	7	5729
3_	17	2	0	1	10	2001
3_	17	2	0	2	15	2378
3_	17	2	1	3	3	2000
3_	17	2	1	4	4	1900
3_	17	2	0	5	16	1939
3_	17	2	1	6	6	1833
3_	17	2	0	7	16	2631
3_	17	2	1	8	8	2359
3_	17	2	1	9	9	1984
3_	17	2	0	10	1	2747
3_	17	2	0	11	13	3362
3_	17	2	1	12	12	1253
3_	17	2	0	13	2	1599
3_	17	2	0	14	13	1148
3_	17	2	0	15	14	2238
3_	17	2	1	16	16	1741
3_	17	2	0	17	14	2279
3_	17	2	1	18	18	1395
3_	2	3	0	1	9	12832
3_	2	3	1	2	2	1984
3_	2	3	0	3	16	2738
3_	2	3	0	4	1	4979
3_	2	3	0	5	15	2467
3_	2	3	0	6	3	2952
3_	2	3	0	7	4	9435
3_	2	3	1	8	8	11494
3_	2	3	0	9	10	6621
3_	2	3	0	10	3	9001
3_	2	3	1	11	11	4559
3_	2	3	0	12	13	6348
3_	2	3	0	13	1	1898
3_	2	3	1	14	14	2695
3_	2	3	0	15	18	5683
3_	2	3	0	16	8	8624
3_	2	3	1	17	17	1527
3_	2	3	0	18	12	1697
3_	20	2	1	1	1	8387
3_	20	2	1	2	2	7301
3_	20	2	1	3	3	8874
3_	20	2	0	4	10	7586
3_	20	2	1	5	5	5538
3_	20	2	0	6	7	7571
3_	20	2	0	7	11	4361
3_	20	2	0	8	14	9202
3_	20	2	0	9	11	6497
3_	20	2	0	10	15	7217
3_	20	2	0	11	6	4539
3_	20	2	0	12	18	11924
3_	20	2	1	13	13	2104
3_	20	2	0	14	2	22988
3_	20	2	0	15	9	9686
3_	20	2	0	16	12	2434
3_	20	2	1	17	17	1996
3_	20	2	0	18	12	1355
3_	22	1	0	1	16	5874
3_	22	1	0	2	5	1594
3_	22	1	1	3	3	2468
3_	22	1	1	4	4	13860
3_	22	1	0	5	7	4943
3_	22	1	0	6	3	7150
3_	22	1	0	7	12	2237
3_	22	1	1	8	8	1879
3_	22	1	0	9	1	4045
3_	22	1	1	10	10	5228
3_	22	1	1	11	11	1162
3_	22	1	1	12	12	4885
3_	22	1	0	13	15	17240
3_	22	1	1	14	14	4299
3_	22	1	0	15	10	2018
3_	22	1	0	16	17	6402
3_	22	1	1	17	17	1087
3_	22	1	0	18	9	6331
3_	27	1	1	1	1	3772
3_	27	1	0	2	13	2033
3_	27	1	0	3	2	1228
3_	27	1	0	4	17	1461
3_	27	1	0	5	14	2055
3_	27	1	0	6	4	1395
3_	27	1	0	7	2	1344
3_	27	1	0	8	3	1715
3_	27	1	0	9	11	1379
3_	27	1	1	10	10	1840
3_	27	1	0	11	9	2549
3_	27	1	0	12	7	1779
3_	27	1	0	13	16	3112
3_	27	1	0	14	7	3322
3_	27	1	0	15	12	1561
3_	27	1	1	16	16	2091
3_	27	1	0	17	6	1802
3_	27	1	0	18	8	2697
3_	31	4	1	1	1	2816
3_	31	4	1	2	2	2362
3_	31	4	1	3	3	4467
3_	31	4	1	4	4	2564
3_	31	4	1	5	5	6685
3_	31	4	1	6	6	2604
3_	31	4	1	7	7	2774
3_	31	4	1	8	8	2830
3_	31	4	1	9	9	1952
3_	31	4	1	10	10	3911
3_	31	4	1	11	11	1731
3_	31	4	1	12	12	2016
3_	31	4	1	13	13	3386
3_	31	4	1	14	14	4309
3_	31	4	1	15	15	2592
3_	31	4	1	16	16	2019
3_	31	4	1	17	17	2066
3_	31	4	1	18	18	10713
3_	7	3	0	1	10	1591
3_	7	3	0	2	7	1932
3_	7	3	0	3	14	1291
3_	7	3	0	4	12	1140
3_	7	3	0	5	1	2435
3_	7	3	0	6	9	1421
3_	7	3	0	7	17	1867
3_	7	3	0	8	18	2136
3_	7	3	0	9	16	3710
3_	7	3	0	10	5	1911
3_	7	3	1	11	11	2139
3_	7	3	0	12	7	2569
3_	7	3	0	13	8	1897
3_	7	3	0	14	4	2250
3_	7	3	1	15	15	1303
3_	7	3	1	16	16	1654
3_	7	3	0	17	6	2150
3_	7	3	0	18	3	2337
4_	12	3	1	1	1	5638
4_	12	3	0	2	7	1760
4_	12	3	1	3	3	1834
4_	12	3	0	4	8	2326
4_	12	3	0	5	9	3122
4_	12	3	0	6	2	4267
4_	12	3	0	7	5	2226
4_	12	3	0	8	16	3793
4_	12	3	0	9	15	3188
4_	12	3	0	10	1	2751
4_	12	3	0	11	12	3195
4_	12	3	0	12	17	4953
4_	12	3	1	13	13	2271
4_	12	3	0	14	17	3815
4_	12	3	0	15	14	2146
4_	12	3	0	16	17	2530
4_	12	3	0	17	10	2015
4_	12	3	1	18	18	2130
4_	17	1	1	1	1	4835
4_	17	1	0	2	7	3375
4_	17	1	1	3	3	2204
4_	17	1	1	4	4	3946
4_	17	1	0	5	7	2828
4_	17	1	1	6	6	1491
4_	17	1	0	7	2	2682
4_	17	1	1	8	8	1863
4_	17	1	0	9	2	3585
4_	17	1	0	10	9	1428
4_	17	1	0	11	10	2837
4_	17	1	0	12	5	2150
4_	17	1	1	13	13	1549
4_	17	1	1	14	14	1418
4_	17	1	1	15	15	6840
4_	17	1	1	16	16	943
4_	17	1	1	17	17	1218
4_	17	1	1	18	18	1192
4_	2	4	0	1	2	2643
4_	2	4	0	2	8	10378
4_	2	4	1	3	3	17072
4_	2	4	1	4	4	3207
4_	2	4	1	5	5	19783
4_	2	4	0	6	17	5091
4_	2	4	0	7	9	12953
4_	2	4	0	8	15	12512
4_	2	4	0	9	12	19250
4_	2	4	1	10	10	2490
4_	2	4	1	11	11	4489
4_	2	4	0	12	8	8942
4_	2	4	1	13	13	7968
4_	2	4	1	14	14	1613
4_	2	4	1	15	15	4285
4_	2	4	1	16	16	3338
4_	2	4	1	17	17	5526
4_	2	4	0	18	1	11337
4_	20	1	1	1	1	1355
4_	20	1	0	2	8	4280
4_	20	1	1	3	3	1772
4_	20	1	1	4	4	9482
4_	20	1	1	5	5	2431
4_	20	1	1	6	6	2705
4_	20	1	0	7	10	9917
4_	20	1	0	8	11	7373
4_	20	1	1	9	9	7867
4_	20	1	0	10	7	9195
4_	20	1	1	11	11	9345
4_	20	1	1	12	12	5370
4_	20	1	1	13	13	4443
4_	20	1	1	14	14	1755
4_	20	1	0	15	3	6088
4_	20	1	1	16	16	3340
4_	20	1	0	17	18	6558
4_	20	1	0	18	2	7937
4_	22	2	1	1	1	1293
4_	22	2	0	2	4	2109
4_	22	2	1	3	3	6547
4_	22	2	0	4	6	4520
4_	22	2	1	5	5	3268
4_	22	2	0	6	2	2672
4_	22	2	1	7	7	1411
4_	22	2	1	8	8	1603
4_	22	2	0	9	12	11082
4_	22	2	0	10	5	5445
4_	22	2	1	11	11	4085
4_	22	2	0	12	17	5818
4_	22	2	0	13	10	5973
4_	22	2	0	14	9	5524
4_	22	2	1	15	15	4842
4_	22	2	1	16	16	3084
4_	22	2	0	17	9	2788
4_	22	2	0	18	17	5375
4_	27	2	0	1	11	10091
4_	27	2	0	2	12	5146
4_	27	2	0	3	17	3396
4_	27	2	1	4	4	2241
4_	27	2	0	5	2	2842
4_	27	2	1	6	6	1632
4_	27	2	0	7	8	2124
4_	27	2	0	8	7	1912
4_	27	2	0	9	1	3417
4_	27	2	1	10	10	1757
4_	27	2	0	11	9	2778
4_	27	2	1	12	12	2474
4_	27	2	0	13	16	4071
4_	27	2	0	14	16	3567
4_	27	2	1	15	15	5146
4_	27	2	0	16	12	2514
4_	27	2	0	17	13	1635
4_	27	2	0	18	15	4390
4_	31	2	1	1	1	8510
4_	31	2	1	2	2	12801
4_	31	2	1	3	3	1825
4_	31	2	1	4	4	15568
4_	31	2	1	5	5	20041
4_	31	2	1	6	6	2035
4_	31	2	1	7	7	1708
4_	31	2	1	8	8	2891
4_	31	2	0	9	10	2740
4_	31	2	0	10	9	1973
4_	31	2	1	11	11	2481
4_	31	2	1	12	12	3909
4_	31	2	1	13	13	6690
4_	31	2	1	14	14	2113
4_	31	2	1	15	15	26163
4_	31	2	1	16	16	4971
4_	31	2	1	17	17	1786
4_	31	2	1	18	18	5667
4_	7	4	1	1	1	2356
4_	7	4	1	2	2	3014
4_	7	4	0	3	5	5002
4_	7	4	1	4	4	1302
4_	7	4	0	5	6	3956
4_	7	4	0	6	5	3214
4_	7	4	1	7	7	4416
4_	7	4	0	8	10	3499
4_	7	4	0	9	12	3815
4_	7	4	0	10	11	2393
4_	7	4	0	11	7	2653
4_	7	4	0	12	10	6266
4_	7	4	0	13	8	3553
4_	7	4	0	14	5	2794
4_	7	4	0	15	11	2465
4_	7	4	0	16	8	2551
4_	7	4	1	17	17	5511
4_	7	4	0	18	2	3878
